1010101000111001111000111100110111000000010100100101100010000010
1111100100011111011010101111101100111011100100011011000010000101
0001111001010100010011010011011011110110100010001101000101111110
1010001000010010011110110110001010110000101110111100001011100001
1111101000000101010001100011010001101110100101000111000101101010
1110101010011010011110000001111110001001111110100000001000111000
1111010000001101111111010000001100101010001100101100010011101000
0011100110001110101010000111100111011101101000110110001000000110
0111101101111010010100111001110000111100110110101000011101001000
0001001010011100111110111101000111111000000110011010111100100101
0111101100011011100101001100000001100100000100010100100101101111
1100000001111001111110101101111111000011000000011011010010010110
0101011101011111011110000001110001001000110010011000010101010101
0111110111100101011001000000001101000000110011001110100000001110
1100110100011101011111100100001101000100100011110101010010000100
1110000001101011010011101000001010000010100001110001110110110010
1011001101111101111100101001010101011000011100110010101111010100
1011111101100001111111100111110111001000111001101001011110100011
1000000101110111001011010000000010011111010000111111001011000011
0000110000111001111010110000001011001011111100110010000101001010
1000101001000101000111010001100110100101011001000010000010000000
0000100011011011100001100010000010111101001011110111111111001111
1100101001111000000011011011011000011011100110000100010001101110
1011000110101010001000100110001110100001001000110011011101110100
0101111111000111110000101110110111101110010001110001001011001000
0110001100100000110011110000000010110111110101110100000110100100
0111010001011010001010011111011000110011100000100000001101101000
1100100011100101100000101000000110101100001000111010011111000100
0000101001101010101111001000000110111010010101111111010110101001
0001101010101100101001001010000111010011001001001010100010010111
0010111000101000110010111011110111010111101100010101100010010110
0010000000001111101111101100011001101011011000100111101011111100
1110110000010110101100001100011111110111100101001100010110111101
0010110011010000000110010111111100101101100100001010100110100001
1011110011011111001010000110000111101101111101111001111100111111
0101110000110100100100100011010111010001001011011101000000010001
