1010101000111001111000111100110111000000010100100101100010000010
1101011011111111010110011111110000010001001101101000101011001100
1111100100011111011010101111101100111011100100011011000010000101
0001111001010100010011010011011011110110100010001101000101111110
1010001000010010011110110110001010110000101110111100001011100001
1111101101111100001110101110011100000100100111101111110010010011
1111101000000101010001100011010001101110100101000111000101101010
1110101010011010011110000001111110001001111110100000001000111000
0011100110001110101010000111100111011101101000110110001000000110
1110110001010100111100111011111111101111101111111011000101001110
1101110100111000011010111011111000001001011000101011101100000101
1001111110111110110101011101010111011010100110101100011111100100
1100110001011110011100110010111000000110111100010101011101110011
0111010010100110110100011000111101100100110011011010001010111011
0111000000011110101010010110101000111100110001001000101001000000
1110000000100111110111011011011010111011101011110010100101011111
0010010011101111000000110010000100001101000000001110010111101100
0001001010011100111110111101000111111000000110011010111100100101
1111010000110110110110011000000000100110010101000011000111010000
1011110100101011011010111001110100101100111110111001011111011000
0111101100011011100101001100000001100100000100010100100101101111
0111111011001000010100000100001110001101011011100001100100000000
0001100110110000011001010000110001001011000001000100000010001010
0011011010110110101011001110101000100001100010110010100101100001
1011010110010010100101110111001011010011001100110011011110110101
1100010000001111110101110001010111100101100000011100010101011011
0010101000101101001110100000101110111111001010110000011101011011
0111001011100100110110000011011111110011101011110110000100111111
0011011001101100001101010100000011010001010101001100111111111001
0110100110111101010010111111000111110101001110010100101100101100
1110001110000001100101100110000101011011001110001011111001100001
1011111101100001111111100111110111001000111001101001011110100011
0111100010110101100001011100011000001111100110111010011101111100
1010110011110011101110110110001001001011100101001110011101011000
1001000010010001011001000001100011011111001010110011101111000100
0000001001101000001110101100001000100011001100010000010010000111
1000000101110111001011010000000010011111010000111111001011000011
1011110111011110111011011001000111100011111011100111010100010110
1100001011101101100111100000001100000111111010000010101100011110
1001110100110001010100000010000010101010010110001001110001101010
1111001101000100010111011110011001111111011000010111100101011111
0100100100101110000101010101100101111101110000111101011110010110
1000101001000101000111010001100110100101011001000010000010000000
0011101111011101010111100000000010010100000101101111000111100001
0100011100110001110001011110010100110111001111101001000000000101
1101001111011110000001001010111011100101111011010001011010100000
0000100011011011100001100010000010111101001011110111111111001111
0001101110011010011100010111100000100110001100110010010010110001
0010111101010101001000001111110111010011000101111101111010001111
0000100001110011101000100100000001110111111010010110010011000001
1010000000010010001101011000000100010000000101010010011100000101
1101100001001100000001100000010101001100010101011111000100101111
1100101001111000000011011011011000011011100110000100010001101110
1110111000001001010101110100011000111010010110100100101011010111
0100011100101111101010111010000101010011100100100100001010110011
1011000110101010001000100110001110100001001000110011011101110100
0010011011100110010010100010011011110010001110110000101011010001
0011101110011110111001010010111000011001111010010001100110001011
1111111000111101011101101111101100110011001111000001000101100101
1010010010000100100100100101111011110011000110110110110000001100
0111101011101101101111000011110000000100000011001010111110000011
0001110101110001001010110000000000111000001001101001001011101110
0101111111000111110000101110110111101110010001110001001011001000
1010001011101110011110000000000111101111111001110000100101111001
0011110010111001100010100101001100011000001011100110111001010101
1100011011011000011110011001111010001000010111001111001111000000
0001011100010000001011010100100010011010110100000110100110001011
1110011010101110101011000101101111101101001111101010110100000001
0000000101101101110111100001001010101000110011110000010011000011
0101001111101011000101000110001101011010010010101111011001001111
0010110110011100101000100100110101001010010100001101001010101100
0001101011001110001011001110100000100110111110010011000111111110
1010111011100100110010001001011010101010011001101101111111010110
0010110101001110010101010100000110001111010110000011010111011001
1100000000011110100010000100001000000011111000101001011011011111
0101101001001001101111011111001010011011010111000011110000010011
0011011010001010011100111000010010110101110100111111000001001101
0101100110101001010001001011101101110001101001100001001000000100
1100100011100101100000101000000110101100001000111010011111000100
0110100010000000101111010000000101111011011000101001100111111010
0110011010110000111101000111111001101110111111111001011000101101
1011000101111111001011001101011100011110011001100110100001110111
0100010001001010110110011110000010011010111011000100100000011101
1100011000011010110100101010001000100011101010001111111111010111
0010010000001001001100101100000111001100110100110000011110100111
1001101111110111110110000110100001010111111001110000110000110110
0001000101011000000000011010000001001010010110000100011010010111
1101100000110011010001011011101100001100000001000110111001111100
1011111111101111010000111101010000101010111110111100110111010101
1101001111011010011000001100001110101001000101010001101000011111
1000100110101111111111011010010011101111111111111111111000101001
0001110110010110011010000011010110100001000110001001101101000001
0010111000101000110010111011110111010111101100010101100010010110
1110010001010011101001100101001101010001010010010010010000011010
1111111111111110111100110110011011110110011110110011100111000100
0000100110011100101100101110000110001101000100111011011110110011
1000010000100001110010001110001010000111001110000000000101110000
0011111000000111101000001110000111010011110010111011111110101011
1001100100100001000111011100001100101111011110101000010100111111
1001100110000000111010100000101110011111000011001101000001111000
1100010101011100001011010011101110011000000011011000011110110011
1011111101000010001110000010000001101111011111000101111001111111
0111111110110101101110011110000011111000110011011111111001101110
0110001111000100111001110111101110100111010111011111011111000111
1000101100101110010101000011110110100101111000001000100000000000
0110000000110100000010000000001111101000101100110110100101011001
1001100000110101110110100101111011111000110010000001100100010101
1010011101100110100111000110000101111010110000111101111101100101
0101000110100010000111101001000000000010100010000001011000000000
1111000111000001111110001100000011111010101110101110111110000110
0101111111000010000011010011001100111000001001000110011100100011
1101001100000010100000101011000101000110011010101101001000110000
1000111111110101000101101011110010100010111101110101111111111000
0010001100001011000100100011110101001010111010000101010110000010
1100110000001010000101001100000000110111000111100100110101000000
1111010001111111111100111111001100110100100111101011010011110011
1001100110011011101110010101111001010101101001000010010101000000
1110001111000100111110010100001000101001011011001011001111111010
0100011100111000000011100110000100100001111000011010010010110101
1101110101010101001000100110101100100010101000111100100110001100
0011010010001011000001010011001111100100011010000010111100100001
1111010100101100001010010101010111100111111010111000100111010101
0100000000001001110110001101011100000000000000001001000001100100
0010101100011100110000100100000101010010010101101110001010000101
0110011100010111100011011011011101100100111001111011000000110100
0010110011010000000110010111111100101101100100001010100110100001
1101010100101010000100100010000011011100010101111110101010100101
1011100100111000111010011010101110001101001110000100101111111001
0010111000100110001110011000100100110000010000110111101110001111
0010100011010001001001010100000011111111110110110000010010100111
1001110110001001000011100000101101111000100010011110001110101100
0111011011011000101001010110000010110111111110001111000111111111
0111111101010100111111111111001011001101111101001111111110100101
0100000110100001101010111100001101111101100100110011000010111111
1101110001001001111101011010000111011010010001010101001100001010
0111001111011101000001011010001000010110110010100000110000001111
0100100100101110110011010111101011111100111101101000111010011100
0101110000110100100100100011010111010001001011011101000000010001
0101111001010001101011101100011111010110000111001110111111001101
0010001101100100010011001101110100100111001001100101100000011110
0101100100100101100010101000111101000100100100101110000011000000
1111010010110100100010111100100110001101101011011001101111101000
1001001110001011010100010000000000100101110101110100111000101110
0000001100101100110100000100100010111001101010100100010110001011
1101011111001101110011111011111000111101101101110010101111111110
0111100110011010110100111100111001000101001011011010010001010000
0101000100111010010000101011000110111111010010110011111101101000
0100011100000110111010010110000011011111100111101111010000101100
