1010101000111001111000111100110111000000010100100101100010000010
1101011011111111010110011111110000010001001101101000101011001100
1111100100011111011010101111101100111011100100011011000010000101
0001111001010100010011010011011011110110100010001101000101111110
1010001000010010011110110110001010110000101110111100001011100001
1111101101111100001110101110011100000100100111101111110010010011
1111101000000101010001100011010001101110100101000111000101101010
1110101010011010011110000001111110001001111110100000001000111000
0110111000110110111001100011101110100101010010100010101000100010
1111010000001101111111010000001100101010001100101100010011101000
1101110100111000011010111011111000001001011000101011101100000101
0111000000011110101010010110101000111100110001001000101001000000
1110000000100111110111011011011010111011101011110010100101011111
0010010011101111000000110010000100001101000000001110010111101100
0001001010011100111110111101000111111000000110011010111100100101
1111010000110110110110011000000000100110010101000011000111010000
0111101100011011100101001100000001100100000100010100100101101111
1110011110101101111001101101000010101101000011010101010110010010
0111111011001000010100000100001110001101011011100001100100000000
0110000100011100100010000000001110010000101100111011010010110000
0101001110001111000110100010010111100100000001000011010001110001
0111110111100101011001000000001101000000110011001110100000001110
0100001010001011000101001101000001111011011011011011001000000010
0011011001101100001101010100000011010001010101001100111111111001
0110100110111101010010111111000111110101001110010100101100101100
1110001110000001100101100110000101011011001110001011111001100001
1011111101100001111111100111110111001000111001101001011110100011
0111100010110101100001011100011000001111100110111010011101111100
0000111010100110111000001010010110000101111010100101000101001011
0011000001011100011011000101001110101110110000101010010001001011
1010110011110011101110110110001001001011100101001110011101011000
0110011000101100100110110001100110111110001011100010101101000111
0010000110110011101111111100000111000101101011001110111100011110
1001000010010001011001000001100011011111001010110011101111000100
0000001001101000001110101100001000100011001100010000010010000111
1000000101110111001011010000000010011111010000111111001011000011
1100001011101101100111100000001100000111111010000010101100011110
0010111110011111100010101010110001001000100111111111000111101001
1111001101000100010111011110011001111111011000010111100101011111
0011001101000101100001100100000001101011111100000010001101101001
0101010101110010101010000010001111101000010000111001101100011001
1011001011000001100010010001010000001010001011010000110001111000
0100011100110001110001011110010100110111001111101001000000000101
1101001111011110000001001010111011100101111011010001011010100000
0000100011011011100001100010000010111101001011110111111111001111
0000111100100101011111011001010011111100100101010011001001010011
0001101110011010011100010111100000100110001100110010010010110001
0111110001001110110110011110110010011100101001100101101111110111
1010000000010010001101011000000100010000000101010010011100000101
1011111011100101010010000010010001000001001110001010001011011011
0101010000011100111010000010001010101101111001001011010110110010
1100101001111000000011011011011000011011100110000100010001101110
0100011100101111101010111010000101010011100100100100001010110011
1011000110101010001000100110001110100001001000110011011101110100
0010011011100110010010100010011011110010001110110000101011010001
0011101110011110111001010010111000011001111010010001100110001011
1010010010000100100100100101111011110011000110110110110000001100
1100000011100010111001111010000111111011100010111111111100110101
0111101011101101101111000011110000000100000011001010111110000011
0101010010000110101111010000001100100101101010110011100101011100
0001110101110001001010110000000000111000001001101001001011101110
1010001011101110011110000000000111101111111001110000100101111001
1010111010100110000110010000000100011100101101100011100011111010
0000000011100100011010110111111100111110010011111000100111110111
1110011010101110101011000101101111101101001111101010110100000001
1111101000110100100111011010111011001111111001111111110110011101
0000000101101101110111100001001010101000110011110000010011000011
0101001111101011000101000110001101011010010010101111011001001111
1001100111000011000111111001010100111110000000111100101101111101
0010110110011100101000100100110101001010010100001101001010101100
1110110101111011011101110101100001010011110100110010010001001110
0010110111111000000010010000001011110110110000000011011111010001
1010111011100100110010001001011010101010011001101101111111010110
1100010100110010010011000111111000011010001100100001001111110011
1011010110010110011110010101101101111101001101111110010101110100
0101101001001001101111011111001010011011010111000011110000010011
0101100110101001010001001011101101110001101001100001001000000100
1100100011100101100000101000000110101100001000111010011111000100
0110011010110000111101000111111001101110111111111001011000101101
1011000101111111001011001101011100011110011001100110100001110111
1110100011001101001100111101010100111101110110111100100100100101
0010000110001111110010111001001101100010100000011110100110010001
0111010010010111101010110000001010111101110100101101000101111011
0010010000001001001100101100000111001100110100110000011110100111
1100100100000111100101111000100100011000000101111110110111101111
0010111001011010101011100010001000101111110110001110111000010011
0010101010000100111110110010001011010001100011100001101001000011
1111100001011001000100011100000011011101010000111000001101111101
1101100000110011010001011011101100001100000001000110111001111100
0110101000101001110110111100100000111010101100011101101011100111
0110000101111010010011000111110010000001100001000100110011000010
1100110101110100001111100000011001100110001001110100000100010010
1011111111101111010000111101010000101010111110111100110111010101
1010101001100011101111001111011100101111011011101001111010101000
1101000111110010111001100100001010000110011000011010111111100111
1000011111101111111110000010000011001000110011110110010111101011
0001110110010110011010000011010110100001000110001001101101000001
0010111000101000110010111011110111010111101100010101100010010110
0001011010111010100001011001100110101111010011111001010100011011
0101101100000101010011001101011111111110011000011110101010010101
1001001110010000111011011110010010110010011011011110001000011001
0000011000110100010001111100000010011111111001001010001100110111
0000101010000011101110000000011011100001010110001011011000001110
0101111101011100100110111111110011011111100000100111111110111101
1110011101111001111001001011000001101100111000111101110001000100
0000100110011100101100101110000110001101000100111011011110110011
1000010000100001110010001110001010000111001110000000000101110000
0010100111010100101111110101110010011101000100100011011010011111
1000101010011111000010001000000100010001110000110001110110001010
1100010101011100001011010011101110011000000011011000011110110011
1100000011000010101000001110000011111000001111011000100110100101
1111010111101010111111011000111110111011101000001100111000110111
1010001010111110000011010000001011111010101101001110010000111101
1100101010110010011111011011111000001111001100100100100010100000
1001111100001010010000100010011011001111011010000110001101111110
0110000000110100000010000000001111101000101100110110100101011001
1001100000110101110110100101111011111000110010000001100100010101
1101101010001111110110111110011111100010100000111111001001101111
0101111111000010000011010011001100111000001001000110011100100011
0111111111001010111111111100101011111111100101100010100100101110
0011100011000000000101000101111100110110000001000011011101100000
0111001101110101111100111111101111111111101001011011000001010010
1000111111110101000101101011110010100010111101110101111111111000
1111010001111111111100111111001100110100100111101011010011110011
1001100110011011101110010101111001010101101001000010010101000000
1100011001011001100111010011100011001001101101110110110010101101
1101110101010101001000100110101100100010101000111100100110001100
0000010011101110101011001110010111010011100011000111001010110111
0011101000000010011001101010000011001111011101000001011111011001
0010101100011100110000100100000101010010010101101110001010000101
0010110011010000000110010111111100101101100100001010100110100001
0111010001101001101110101001010111011011101000100111111110111011
1011100100001100011010111110001110000101111110011100101111011111
0010111000100110001110011000100100110000010000110111101110001111
0000000000000000000000000000000000000000000000000000000000000000
