1101011011111111010110011111110000010001001101101000101011001100
0001111001010100010011010011011011110110100010001101000101111110
1010001000010010011110110110001010110000101110111100001011100001
1110101010011010011110000001111110001001111110100000001000111000
0110111000110110111001100011101110100101010010100010101000100010
0111010010100110110100011000111101100100110011011010001010111011
0010010011101111000000110010000100001101000000001110010111101100
1111010000110110110110011000000000100110010101000011000111010000
0111101100011011100101001100000001100100000100010100100101101111
0101001110001111000110100010010111100100000001000011010001110001
0010000010000101000010011111010110110110101110111010101111000101
0011011001101100001101010100000011010001010101001100111111111001
0111100010110101100001011100011000001111100110111010011101111100
1000000101110111001011010000000010011111010000111111001011000011
1111001101000100010111011110011001111111011000010111100101011111
0000111100100101011111011001010011111100100101010011001001010011
1111000101100010111110010110010011010101110110000001101110010111
1100101001111000000011011011011000011011100110000100010001101110
1011000110101010001000100110001110100001001000110011011101110100
0101001111101011000101000110001101011010010010101111011001001111
1111011010011100111101001011111011010001000000010101000101101000
0100100110100000111110111000010100100000101100010101110100010111
0110110010110110110011101000000101101010101111100110011001010100
1101000111110010111001100100001010000110011000011010111111100111
0010111000101000110010111011110111010111101100010101100010010110
0001011010111010100001011001100110101111010011111001010100011011
0000100110011100101100101110000110001101000100111011011110110011
1111010000010011110000000110000011001100110000001111100011110100
1100010011000101010110010110000101010111001101000111101110111101
1100001000010101110010000010011011010111010011111000100010001100
0010110011010000000110010111111100101101100100001010100110100001
0000000000000000000000000000000000000000000000000000000000000000
