1010001000010010011110110110001010110000101110111100001011100001
1101110100111000011010111011111000001001011000101011101100000101
1001111110111110110101011101010111011010100110101100011111100100
0100111101000111101110000101111111111001100101101011110100010001
1101010110010011100001110101101110001010011110110101110011100001
1110000000100111110111011011011010111011101011110010100101011111
0010010011101111000000110010000100001101000000001110010111101100
0111101100011011100101001100000001100100000100010100100101101111
0001100110110000011001010000110001001011000001000100000010001010
1110000001101011010011101000001010000010100001110001110110110010
0011011001101100001101010100000011010001010101001100111111111001
1010110011110011101110110110001001001011100101001110011101011000
1000010101010010110110110000010011101011110010101010000011110100
1000000101110111001011010000000010011111010000111111001011000011
0000101000011110000111011100011111001001011010001001011010010011
1010101100110110001010100101100101111100001100101010101001101010
1110000100110111111001000011111111010100010101110000100110101110
0101000011001101001100000110001100110111011110011111111011001011
1010001011101110011110000000000111101111111001110000100101111001
1010111011100100110010001001011010101010011001101101111111010110
0100010000000010001010111111101101000101111011101001000010010111
1000101000100110110100101011100100001110100000010000000101000000
1001001010011011000001010010011111110100110110011010010100110011
1010100110100101000101001000000110101101001011011000000011011011
0110001011001000000000001000010010100001000100010010000100100010
1110110111111110011110000101000100010010000000011101000111000100
0011111101011000101000111110110110011011010011101011011111011110
0001111100001010111010100110000101010111101110000101011000011111
1110110111001111101101011000000110000100100011001110111110011011
0000111010011010001100010111000000000101111011000101010111010101
1111101001100010010111111100101011110110100101101101010000100101
