1010101000111001111000111100110111000000010100100101100010000010
1101011011111111010110011111110000010001001101101000101011001100
1111100100011111011010101111101100111011100100011011000010000101
0001111001010100010011010011011011110110100010001101000101111110
1010001000010010011110110110001010110000101110111100001011100001
1111101101111100001110101110011100000100100111101111110010010011
1111101000000101010001100011010001101110100101000111000101101010
1110101010011010011110000001111110001001111110100000001000111000
0011100110001110101010000111100111011101101000110110001000000110
1110110001010100111100111011111111101111101111111011000101001110
1101110100111000011010111011111000001001011000101011101100000101
0111010010100110110100011000111101100100110011011010001010111011
0111000000011110101010010110101000111100110001001000101001000000
0011110010101001101001010110111000010000110100011011111011001011
1110000000100111110111011011011010111011101011110010100101011111
0010010011101111000000110010000100001101000000001110010111101100
0001001010011100111110111101000111111000000110011010111100100101
0111101100011011100101001100000001100100000100010100100101101111
0111111011001000010100000100001110001101011011100001100100000000
0000111010101100110001101010110101001000001011010010011011011010
0001100110110000011001010000110001001011000001000100000010001010
0011011010110110101011001110101000100001100010110010100101100001
0111110111100101011001000000001101000000110011001110100000001110
0100001010001011000101001101000001111011011011011011001000000010
1011010110010010100101110111001011010011001100110011011110110101
1100110100011101011111100100001101000100100011110101010010000100
0111001011100100110110000011011111110011101011110110000100111111
0011011001101100001101010100000011010001010101001100111111111001
0110100110111101010010111111000111110101001110010100101100101100
1110001110000001100101100110000101011011001110001011111001100001
1011111101100001111111100111110111001000111001101001011110100011
0111100010110101100001011100011000001111100110111010011101111100
0000111010100110111000001010010110000101111010100101000101001011
0011000001011100011011000101001110101110110000101010010001001011
1010110011110011101110110110001001001011100101001110011101011000
1110011001111011000110101111101101100101111000101011100000100100
0010000110110011101111111100000111000101101011001110111100011110
1001000010010001011001000001100011011111001010110011101111000100
0000001001101000001110101100001000100011001100010000010010000111
1000000101110111001011010000000010011111010000111111001011000011
0000110000111001111010110000001011001011111100110010000101001010
1100001011101101100111100000001100000111111010000010101100011110
0000101001010011110010111100000000110000010001011110011100110101
1111001101000100010111011110011001111111011000010111100101011111
1000101001000101000111010001100110100101011001000010000010000000
0011101111011101010111100000000010010100000101101111000111100001
1011001011000001100010010001010000001010001011010000110001111000
0100011100110001110001011110010100110111001111101001000000000101
1011010101100001000110010100111000010000100100101110010011111110
1101001111011110000001001010111011100101111011010001011010100000
0000100011011011100001100010000010111101001011110111111111001111
0001101110011010011100010111100000100110001100110010010010110001
1010000000010010001101011000000100010000000101010010011100000101
0101010000011100111010000010001010101101111001001011010110110010
1100101001111000000011011011011000011011100110000100010001101110
0100011100101111101010111010000101010011100100100100001010110011
0111100011100110011000100111110110100010010110101000111110100000
1011000110101010001000100110001110100001001000110011011101110100
0010011011100110010010100010011011110010001110110000101011010001
0011101110011110111001010010111000011001111010010001100110001011
0101000011001101001100000110001100110111011110011111111011001011
1010010010000100100100100101111011110011000110110110110000001100
0110000000110110111001111110001010001010101001010011111010011011
0000011011110111111110101010111101001111101011010100101011011110
0111101011101101101111000011110000000100000011001010111110000011
0101010010000110101111010000001100100101101010110011100101011100
0001110101110001001010110000000000111000001001101001001011101110
0101111111000111110000101110110111101110010001110001001011001000
1110011010101110101011000101101111101101001111101010110100000001
0000000101101101110111100001001010101000110011110000010011000011
0101001111101011000101000110001101011010010010101111011001001111
0101100010001000010000010000001000001111101100101101111010011000
0010110110011100101000100100110101001010010100001101001010101100
0001101011001110001011001110100000100110111110010011000111111110
1010111011100100110010001001011010101010011001101101111111010110
1101011010110001100111001011101100011000011011101010100011101111
1100010100110010010011000111111000011010001100100001001111110011
0010110101001110010101010100000110001111010110000011010111011001
1011010110010110011110010101101101111101001101111110010101110100
0101100100111110110000000110100110001000001011001001001011111101
0110001100100000110011110000000010110111110101110100000110100100
0101101001001001101111011111001010011011010111000011110000010011
0101100110101001010001001011101101110001101001100001001000000100
0000111110101011101001010000000011111001101110100110011111110000
1010000000010010001000010110001011010100100011101101000100001011
1100100011100101100000101000000110101100001000111010011111000100
0110100010000000101111010000000101111011011000101001100111111010
0110011010110000111101000111111001101110111111111001011000101101
1011000101111111001011001101011100011110011001100110100001110111
0111010100010100100001010100000111110100011111010111000011100101
1110101110100001001111010011111101100011110111101011011111111100
0010010000001001001100101100000111001100110100110000011110100111
1100100100000111100101111000100100011000000101111110110111101111
1001101111110111110110000110100001010111111001110000110000110110
0111111100100110001110001111000101111101000000001111110111101100
1101100000110011010001011011101100001100000001000110111001111100
0110101000101001110110111100100000111010101100011101101011100111
0110000101111010010011000111110010000001100001000100110011000010
1100110101110100001111100000011001100110001001110100000100010010
1011111111101111010000111101010000101010111110111100110111010101
1010101001100011101111001111011100101111011011101001111010101000
1000011111101111111110000010000011001000110011110110010111101011
1000100110101111111111011010010011101111111111111111111000101001
0001110110010110011010000011010110100001000110001001101101000001
0010111000101000110010111011110111010111101100010101100010010110
1111101011101101001101000110011101011010011000010011111011111111
0101101100000101010011001101011111111110011000011110101010010101
1000110011100001110100101000001011011111110110010111111111010010
1110010001010011101001100101001101010001010010010010010000011010
1011001110010100100010011101101100100000001100110100010001010100
0101111101011100100110111111110011011111100000100111111110111101
1110101111000011111010011011110011101010000101110101010101000011
1111111111111110111100110110011011110110011110110011100111000100
0000100110011100101100101110000110001101000100111011011110110011
1000010000100001110010001110001010000111001110000000000101110000
1011011110011010010110010111010001011110010010001100001001010010
0000000001011111110000000010000011010001010011010010010100011111
0000000000110000110101011100011110000000001100000111010000010000
1100010101011100001011010011101110011000000011011000011110110011
0010100110000010100011001110100010110100011010101011000000001111
0110000000110100000010000000001111101000101100110110100101011001
1001100000110101110110100101111011111000110010000001100100010101
1010011101100110100111000110000101111010110000111101111101100101
1000010001101110111010010011000100111001010001101010110110111110
0101000110100010000111101001000000000010100010000001011000000000
1111110110011011010010000000111101110001110111110011101100001101
0101111111000010000011010011001100111000001001000110011100100011
1101001100000010100000101011000101000110011010101101001000110000
1000111111110101000101101011110010100010111101110101111111111000
1100110000001010000101001100000000110111000111100100110101000000
1111010001111111111100111111001100110100100111101011010011110011
1010100011001100100110000110101110111111010111000100001001000111
1001100110011011101110010101111001010101101001000010010101000000
0100011100111000000011100110000100100001111000011010010010110101
1101110101010101001000100110101100100010101000111100100110001100
1100010110100100110101100110100000001001110101101011001011100000
0001000110101001110001001010000011100111101100110100001010000010
1111010100101100001010010101010111100111111010111000100111010101
0010101100011100110000100100000101010010010101101110001010000101
0010110011010000000110010111111100101101100100001010100110100001
1101010100101010000100100010000011011100010101111110101010100101
1011110011011111001010000110000111101101111101111001111100111111
0010111000100110001110011000100100110000010000110111101110001111
0111011011011000101001010110000010110111111110001111000111111111
0111111101010100111111111111001011001101111101001111111110100101
0100000110100001101010111100001101111101100100110011000010111111
1101110001001001111101011010000111011010010001010101001100001010
0101110000110100100100100011010111010001001011011101000000010001
