1101011011111111010110011111110000010001001101101000101011001100
1111100100011111011010101111101100111011100100011011000010000101
1111101000000101010001100011010001101110100101000111000101101010
0110111000110110111001100011101110100101010010100010101000100010
1111010000001101111111010000001100101010001100101100010011101000
0011110010101001101001010110111000010000110100011011111011001011
1111010000110110110110011000000000100110010101000011000111010000
0111101100011011100101001100000001100100000100010100100101101111
1100000001111001111110101101111111000011000000011011010010010110
0011011010110110101011001110101000100001100010110010100101100001
0111001011100100110110000011011111110011101011110110000100111111
0011011001101100001101010100000011010001010101001100111111111001
1110001110000001100101100110000101011011001110001011111001100001
0111100010110101100001011100011000001111100110111010011101111100
1010000000010010001101011000000100010000000101010010011100000101
0000111011110101000000000010001011000010000010110010010100010011
1101101110001001011111011110000011000100111100011110101111011000
0011110010111001100010100101001100011000001011100110111001010101
0001111100011010101000111001100010100001110101011101011110001011
1100010011111101000010010110001101010111100010110010111111101010
0010110101001110010101010100000110001111010110000011010111011001
1100100011100101100000101000000110101100001000111010011111000100
1000010000001100100000010100101100001111000011111101000101111101
0001101010101100101001001010000111010011001001001010100010010111
0100111001000010011000110111110001010011011010101010101100100100
1000001111101000011000000100010000010010010000100101000011010111
0010110011010000000110010111111100101101100100001010100110100001
1011110011011111001010000110000111101101111101111001111100111111
1110101010101001011011011101000010001001111110110000101101010010
1010010111101100000100111110001011100011001001100001100001111010
