1010101000111001111000111100110111000000010100100101100010000010
1101011011111111010110011111110000010001001101101000101011001100
1111100100011111011010101111101100111011100100011011000010000101
0001111001010100010011010011011011110110100010001101000101111110
1010001000010010011110110110001010110000101110111100001011100001
1111101101111100001110101110011100000100100111101111110010010011
1111101000000101010001100011010001101110100101000111000101101010
1110101010011010011110000001111110001001111110100000001000111000
0110111000110110111001100011101110100101010010100010101000100010
1110110001010100111100111011111111101111101111111011000101001110
1101110100111000011010111011111000001001011000101011101100000101
1001111110111110110101011101010111011010100110101100011111100100
0111101101111010010100111001110000111100110110101000011101001000
0100111101000111101110000101111111111001100101101011110100010001
0111010010100110110100011000111101100100110011011010001010111011
0111000000011110101010010110101000111100110001001000101001000000
0011110010101001101001010110111000010000110100011011111011001011
0010010011101111000000110010000100001101000000001110010111101100
0001001010011100111110111101000111111000000110011010111100100101
1111010000110110110110011000000000100110010101000011000111010000
0111101100011011100101001100000001100100000100010100100101101111
1110011110101101111001101101000010101101000011010101010110010010
0000111010101100110001101010110101001000001011010010011011011010
0011110010110010010001010101011001100111100111011111011100101100
0111110111100101011001000000001101000000110011001110100000001110
1011010110010010100101110111001011010011001100110011011110110101
0010101101101111100110100010101000111010010010110011001110001000
1110000001101011010011101000001010000010100001110001110110110010
1001101001000010110000101110101100000010011000010000100011011100
0010010110011001010110111000111100110101011001100011011000111011
0011011001101100001101010100000011010001010101001100111111111001
0110100110111101010010111111000111110101001110010100101100101100
1110001110000001100101100110000101011011001110001011111001100001
0000110100001100000110110101101011001100000011000000100111000100
1011111101100001111111100111110111001000111001101001011110100011
1110101001110011000110110110010110000101001001011000000010000000
0100100001010111111100000000010010100010001001111110100000001101
1010110011110011101110110110001001001011100101001110011101011000
1111011010010100101110010110001110101011000101111101010111111100
1111110000010111100100101000110101100100010011111101001011111110
1101001011010101111010111100101100100000011011000011111010011001
0000000101010011111111101100010000001011110010000111010000001001
1000010000000011001000100100110110011000100110010000111110111000
1101011100010001110100111111011010110111100101000100010001110100
1000010101010010110110110000010011101011110010101010000011110100
1001000010010001011001000001100011011111001010110011101111000100
1111001111111001101100101100111111101111101010111111110101000001
1101110100011100110000110001010110000011111010100011110010110010
0110100110010110111101110111001011111110100100110001111101011000
0001001010010001000101100100010100111010111001101101011001011010
0000001001101000001110101100001000100011001100010000010010000111
1000000101110111001011010000000010011111010000111111001011000011
1000000000000010101101011010001110011100110101000001011010100100
1101110110101101111000001001110000011100111010001110010100101101
0111110000111001011100110100010111011001011010100010100100001001
1010110110000111110101100001011111010011100101011101110110010001
0100100100101110000101010101100101111101110000111101011110010110
1110100000010100101000010101001111110111011001010011010110000111
0111000010111000101010110110100110110011001110010101100100010101
1000101001000101000111010001100110100101011001000010000010000000
0001101001110111110111000101110011111100111101111111000110100100
1101001111011110000001001010111011100101111011010001011010100000
0110100110111101100001100000000101101011001011111011001101001001
1100100010100111011000110110001001100001010010000110001001101100
1111110101111111101100101111011000000010000110000100011110101110
0000100011011011100001100010000010111101001011110111111111001111
1101000110111010110100010100010011101110000001011010101101111001
0111010011110101010000101111011110000000101000011011110011011110
1100000011011011101111111111111110110001111110110001000010111110
1001011000011100001100010011001000100100110100000111101101110000
0111110001001110110110011110110010011100101001100101101111110111
1000011011100011011111001100011001001000001000000101101001111001
1010010010110100100010011100100001001010000101011001001010111000
0100111010100101001010110101001111101111111001011011011011001100
1011111011100101010010000010010001000001001110001010001011011011
0111111010101001101110110001101100011101010111100101101101100011
1110111000001001010101110100011000111010010110100100101011010111
0100011100101111101010111010000101010011100100100100001010110011
0000000100101011110000111010001110010101101010000110011011000100
0010011011100110010010100010011011110010001110110000101011010001
1101110000101100110011111100000011000011010011011110100101111100
0000111011110101000000000010001011000010000010110010010100010011
0100110000010111110001100000000110100000101001101101110100000111
1010010010000100100100100101111011110011000110110110110000001100
1000001000000000011101000110010001110001110010100000101110010110
1101101110001001011111011110000011000100111100011110101111011000
0110100111001011100001101000001010111111100001001111111010110111
0111101011101101101111000011110000000100000011001010111110000011
0010100110010110010100001100000100011010010001011000001111011111
1010111111001101100111111100111101110010001101000010000010101011
1000010111110101011001000100001100001010000000000111101001100111
1100011011011000011110011001111010001000010111001111001111000000
0110000111001011011000100101101011111101001010110010000111101111
0000000011100100011010110111111100111110010011111000100111110111
0000000101101101110111100001001010101000110011110000010011000011
0101001111101011000101000110001101011010010010101111011001001111
1110100101101000101110100000100111001010100010100010011110101111
0000000111111000101001001010000100010001000100101011111100100010
1101110111000001000010001111000101111111100111110110101010111011
0001111111011111101111011001001010101101110111100111101001010011
1010111011100100110010001001011010101010011001101101111111010110
1010001111000111100001001000101000011100111001001000111010100001
1010001111110100100100000010110000011100001100000010100000100000
0010110101001110010101010100000110001111010110000011010111011001
1100000000011110100010000100001000000011111000101001011011011111
0111110110110001100100111100111101011111111100101110011001000111
0101101001001001101111011111001010011011010111000011110000010011
0101110100000011010000100101111010101010000010011010110000101010
0101110001101010110110110011101111001101100010101000101010110000
0001011111110000110110100100010000111000101010001101101010100110
0000111110101011101001010000000011111001101110100110011111110000
0101000101001000011000100100000101100110010001101110000010111100
1010000000010010001000010110001011010100100011101101000100001011
1011111001010011110001110100101111101010000111111001011000101000
1011000101111111001011001101011100011110011001100110100001110111
1100010111001011101111110110111101101001111011111100110011001001
1111111001101001000111011001111111000101001110010001100011010111
1100001001001101111110011101001010110100011010010101101111100111
0001001110010110011110000110000011000010110011100001011000001100
0010111010001010001011101000001111111100101010010111100001101001
0101110011000001000010111110111011010001001110000100011110000000
0001100010110001101011000101100000011010100111100110110001100110
0100100110100000111110111000010100100000101100010101110100010111
1110101110100001001111010011111101100011110111101011011111111100
0010010000001001001100101100000111001100110100110000011110100111
0010111001011010101011100010001000101111110110001110111000010011
