1101011011111111010110011111110000010001001101101000101011001100
0001111001010100010011010011011011110110100010001101000101111110
1010001000010010011110110110001010110000101110111100001011100001
1111101101111100001110101110011100000100100111101111110010010011
1110101010011010011110000001111110001001111110100000001000111000
0011100110001110101010000111100111011101101000110110001000000110
1100110001011110011100110010111000000110111100010101011101110011
0111010010100110110100011000111101100100110011011010001010111011
0010010011101111000000110010000100001101000000001110010111101100
0001100110110000011001010000110001001011000001000100000010001010
1110001001110110000010011101010110000010011001011000011010100001
1110001110000001100101100110000101011011001110001011111001100001
0111100010110101100001011100011000001111100110111010011101111100
1000000101110111001011010000000010011111010000111111001011000011
0000110000111001111010110000001011001011111100110010000101001010
1111001101000100010111011110011001111111011000010111100101011111
0000100011011011100001100010000010111101001011110111111111001111
0000111100100101011111011001010011111100100101010011001001010011
1100101001111000000011011011011000011011100110000100010001101110
1011000110101010001000100110001110100001001000110011011101110100
0101001111101011000101000110001101011010010010101111011001001111
0101100010001000010000010000001000001111101100101101111010011000
0111100000111110110100001010011011101100101001011010000010000011
0010110101001110010101010100000110001111010110000011010111011001
0000111110101011101001010000000011111001101110100110011111110000
0010010000001001001100101100000111001100110100110000011110100111
0010111000101000110010111011110111010111101100010101100010010110
0001011010111010100001011001100110101111010011111001010100011011
1111110001001100000010000010010010010101011111001011100011101010
0010110011010000000110010111111100101101100100001010100110100001
1000110000010011000111110000000001000010010010111001011000010001
