1010101000111001111000111100110111000000010100100101100010000010
1101011011111111010110011111110000010001001101101000101011001100
1111100100011111011010101111101100111011100100011011000010000101
0001111001010100010011010011011011110110100010001101000101111110
1010001000010010011110110110001010110000101110111100001011100001
1111101101111100001110101110011100000100100111101111110010010011
1111101000000101010001100011010001101110100101000111000101101010
1110101010011010011110000001111110001001111110100000001000111000
0110111000110110111001100011101110100101010010100010101000100010
1111010000001101111111010000001100101010001100101100010011101000
1110110001010100111100111011111111101111101111111011000101001110
1101110100111000011010111011111000001001011000101011101100000101
1001111110111110110101011101010111011010100110101100011111100100
0111101101111010010100111001110000111100110110101000011101001000
1100110001011110011100110010111000000110111100010101011101110011
1101010110010011100001110101101110001010011110110101110011100001
0111000000011110101010010110101000111100110001001000101001000000
0011110010101001101001010110111000010000110100011011111011001011
1110000000100111110111011011011010111011101011110010100101011111
0010010011101111000000110010000100001101000000001110010111101100
0001001010011100111110111101000111111000000110011010111100100101
1111010000110110110110011000000000100110010101000011000111010000
0111101100011011100101001100000001100100000100010100100101101111
0100001010001011000101001101000001111011011011011011001000000010
1100101010011111000011000100110101000100110110010111110010010000
1001101001000010110000101110101100000010011000010000100011011100
0010010110011001010110111000111100110101011001100011011000111011
1000011111101010110111000010101001100100111101010011100011001000
0011011001101100001101010100000011010001010101001100111111111001
0110100110111101010010111111000111110101001110010100101100101100
1110001110000001100101100110000101011011001110001011111001100001
0000111010100110111000001010010110000101111010100101000101001011
0011000001011100011011000101001110101110110000101010010001001011
1010110011110011101110110110001001001011100101001110011101011000
1110011001111011000110101111101101100101111000101011100000100100
1001000010010001011001000001100011011111001010110011101111000100
0001001010010001000101100100010100111010111001101101011001011010
0000001001101000001110101100001000100011001100010000010010000111
1010100110011110111000110100010011100111101111001110111101100101
1010010101000000011010011000110001100000111101110110000001110110
0000110000111001111010110000001011001011111100110010000101001010
1100001011101101100111100000001100000111111010000010101100011110
0010010100001000011100101011100000000000111011100110100011010110
1101110110101101111000001001110000011100111010001110010100101101
0100100100101110000101010101100101111101110000111101011110010110
1010101111111010000101000011110101001001011110010010011001111000
0001101001110111110111000101110011111100111101111111000110100100
1011001011000001100010010001010000001010001011010000110001111000
1101001111011110000001001010111011100101111011010001011010100000
1111110101111111101100101111011000000010000110000100011110101110
0000100011011011100001100010000010111101001011110111111111001111
1101000110111010110100010100010011101110000001011010101101111001
0001101110011010011100010111100000100110001100110010010010110001
0111111010101001101110110001101100011101010111100101101101100011
0101010000011100111010000010001010101101111001001011010110110010
1010101100110110001010100101100101111100001100101010101001101010
1110000100110111111001000011111111010100010101110000100110101110
1110100000101010110000001101001000100010011010110010100101110011
0000111011110101000000000010001011000010000010110010010100010011
1010010010000100100100100101111011110011000110110110110000001100
1100011011101100110001110100011001111101111010111111110011101011
1001101101010010111110110010101000101001100000011011111111111011
1000001000000000011101000110010001110001110010100000101110010110
1100000011100010111001111010000111111011100010111111111100110101
0011001101101000111111001000011011010111000011011100010110000011
0111101011101101101111000011110000000100000011001010111110000011
0101010010000110101111010000001100100101101010110011100101011100
1010001011101110011110000000000111101111111001110000100101111001
1010111010100110000110010000000100011100101101100011100011111010
1100011011011000011110011001111010001000010111001111001111000000
0000000011100100011010110111111100111110010011111000100111110111
1110011010101110101011000101101111101101001111101010110100000001
0000000101101101110111100001001010101000110011110000010011000011
0101001111101011000101000110001101011010010010101111011001001111
0011100100000100110100110101111100110110000000010000000101011001
1010111011100100110010001001011010101010011001101101111111010110
1100010100110010010011000111111000011010001100100001001111110011
0101101001001001101111011111001010011011010111000011110000010011
0101110100000011010000100101111010101010000010011010110000101010
0000111110101011101001010000000011111001101110100110011111110000
0110011010110000111101000111111001101110111111111001011000101101
0101111011101100010001111000001110011101111010100101111101100110
1011000101111111001011001101011100011110011001100110100001110111
0100010001001010110110011110000010011010111011000100100000011101
0100100110100000111110111000010100100000101100010101110100010111
1110101110100001001111010011111101100011110111101011011111111100
1001010100101010011010000000101111010000000111100010001011100000
1100100100000111100101111000100100011000000101111110110111101111
0010111001011010101011100010001000101111110110001110111000010011
0101110111100011110010000111110111111010111111110101011111010111
1100110000101100001010010100101110110100111010100011010111100011
0000100101001101000101100110000001111010100110010010011110010010
0110101000000101000000111100000111100010010001101011010011101101
0100010000000010001010111111101101000101111011101001000010010111
1101001011100101000101100000000110011000000000011110100100101110
1101100000110011010001011011101100001100000001000110111001111100
0101101101100100110101100111010110110010111101001010011010000011
0110101000101001110110111100100000111010101100011101101011100111
0110000101111010010011000111110010000001100001000100110011000010
1100110101110100001111100000011001100110001001110100000100010010
1011111111101111010000111101010000101010111110111100110111010101
0010011011110101000100010000110000100101100101000001000100001110
1101001111011010011000001100001110101001000101010001101000011111
1111101010111011111000010111111111101111111101101011001001100001
1111010101010000110000101100011000010111100101010000001011011100
1000101000100110110100101011100100001110100000010000000101000000
0000101010000011101110000000011011100001010110001011011000001110
0101111101011100100110111111110011011111100000100111111110111101
1001001010011011000001010010011111110100110110011010010100110011
1101011101100010000011100000000100000101111110001101111011110101
1000111111010001110001001000001100101011101000011000001100110111
1001101110101101100001100100000011011110011101000100111010101011
0110011001100010000000111111011010011000000110001001010011100101
1010100110100101000101001000000110101101001011011000000011011011
0001010101110000011111111110010010011001100011100010000000000010
0110001011001000000000001000010010100001000100010010000100100010
0101010001011001011100001100001001110011011111101000001100011010
1110110111111110011110000101000100010010000000011101000111000100
1111111100011011001100010110000101111001111001111101111000111001
0011111101011000101000111110110110011011010011101011011111011110
0100010000001111000001101111111111000111100010100101111101001111
1001000100110000000011101011001100100101000110010001101010110110
0111000111100001011001011010010010001101001100010110000001000010
0001111100001010111010100110000101010111101110000101011000011111
0101101111111010100100010011111100011111010011111101101000001010
0000111010011010001100010111000000000101111011000101010111010101
1011111101000010001110000010000001101111011111000101111001111111
0110111011111010100101000000101110001111010111010001001110101000
0010100111000011010010111010000101100100001101100110011001111000
0111111110110101101110011110000011111000110011011111111001101110
0110111010010001101111010000001101000000101010010100011001110110
0000001011111011011001001010000011111011111000001001111111011100
1101101100000001011110101110000110011000001101010010000111110110
1001100001011100010100111010000111110101010101100100101001101000
0100111000011100010101101011111111100000110111100101101011001110
0110000000110100000010000000001111101000101100110110100101011001
0101000100100001000010101000011011111111011110000000000001000100
