1010101000111001111000111100110111000000010100100101100010000010
1101011011111111010110011111110000010001001101101000101011001100
1111100100011111011010101111101100111011100100011011000010000101
0001111001010100010011010011011011110110100010001101000101111110
1010001000010010011110110110001010110000101110111100001011100001
1111101101111100001110101110011100000100100111101111110010010011
1111101000000101010001100011010001101110100101000111000101101010
1110101010011010011110000001111110001001111110100000001000111000
1111010000001101111111010000001100101010001100101100010011101000
1101110100111000011010111011111000001001011000101011101100000101
1001111110111110110101011101010111011010100110101100011111100100
0111101101111010010100111001110000111100110110101000011101001000
1100110001011110011100110010111000000110111100010101011101110011
1101010110010011100001110101101110001010011110110101110011100001
0111010010100110110100011000111101100100110011011010001010111011
0111000000011110101010010110101000111100110001001000101001000000
0010010011101111000000110010000100001101000000001110010111101100
0001001010011100111110111101000111111000000110011010111100100101
1111010000110110110110011000000000100110010101000011000111010000
0111101100011011100101001100000001100100000100010100100101101111
0000111010101100110001101010110101001000001011010010011011011010
0001100110110000011001010000110001001011000001000100000010001010
1100000001111001111110101101111111000011000000011011010010010110
0110000100011100100010000000001110010000101100111011010010110000
0011011010110110101011001110101000100001100010110010100101100001
0111110111100101011001000000001101000000110011001110100000001110
0100001010001011000101001101000001111011011011011011001000000010
0010101101101111100110100010101000111010010010110011001110001000
1001101001000010110000101110101100000010011000010000100011011100
0111001100010011000011101001011001101001000101011010011010001010
1100000000100011001011110110111101010000101001101010000111011101
0011011001101100001101010100000011010001010101001100111111111001
0110100110111101010010111111000111110101001110010100101100101100
1110001110000001100101100110000101011011001110001011111001100001
0000110100001100000110110101101011001100000011000000100111000100
1011111101100001111111100111110111001000111001101001011110100011
0100100001010111111100000000010010100010001001111110100000001101
0000111010100110111000001010010110000101111010100101000101001011
0011000001011100011011000101001110101110110000101010010001001011
1010110011110011101110110110001001001011100101001110011101011000
1110011001111011000110101111101101100101111000101011100000100100
1000010000000011001000100100110110011000100110010000111110111000
1101011100010001110100111111011010110111100101000100010001110100
0010000110110011101111111100000111000101101011001110111100011110
1001000010010001011001000001100011011111001010110011101111000100
0001001010010001000101100100010100111010111001101101011001011010
0000001001101000001110101100001000100011001100010000010010000111
1010100110011110111000110100010011100111101111001110111101100101
1010010101000000011010011000110001100000111101110110000001110110
0000110000111001111010110000001011001011111100110010000101001010
0010010100001000011100101011100000000000111011100110100011010110
0101100001100000011101101001100010001101101001100000111101010100
1101110110101101111000001001110000011100111010001110010100101101
1011001111101100011010110111100001101111101001001010000010100110
1010110110000111110101100001011111010011100101011101110110010001
1010101111111010000101000011110101001001011110010010011001111000
0001101001110111110111000101110011111100111101111111000110100100
1011001011000001100010010001010000001010001011010000110001111000
0011100110101101001110111111110110101111111111001101100110001111
0100011100110001110001011110010100110111001111101001000000000101
1101001111011110000001001010111011100101111011010001011010100000
1111110101111111101100101111011000000010000110000100011110101110
0000100011011011100001100010000010111101001011110111111111001111
0110000110001100111001111110110100010110100110001101011111000010
1101000110111010110100010100010011101110000001011010101101111001
0000100001110011101000100100000001110111111010010110010011000001
1010010010110100100010011100100001001010000101011001001010111000
1111001111100101011001100011000001011010100000000010001101011111
0111111010101001101110110001101100011101010111100101101101100011
0101010000011100111010000010001010101101111001001011010110110010
0001100101000111000111110000110101110110111010000001100101100000
1110000100110111111001000011111111010100010101110000100110101110
1110100000101010110000001101001000100010011010110010100101110011
0000000100101011110000111010001110010101101010000110011011000100
0010011011100110010010100010011011110010001110110000101011010001
0000111011110101000000000010001011000010000010110010010100010011
0100110000010111110001100000000110100000101001101101110100000111
1010010010000100100100100101111011110011000110110110110000001100
1001101101010010111110110010101000101001100000011011111111111011
1000001000000000011101000110010001110001110010100000101110010110
0000101010100100111010001010001101110011010001001101100100000111
1100000011100010111001111010000111111011100010111111111100110101
0011001101101000111111001000011011010111000011011100010110000011
0011001110011001000000011010000000110101111010001110011111110010
0111101011101101101111000011110000000100000011001010111110000011
0101010010000110101111010000001100100101101010110011100101011100
0010100110010110010100001100000100011010010001011000001111011111
1010111111001101100111111100111101110010001101000010000010101011
0110001111001110101010001010010111100010111011011101011000000111
0011011001101011100101100000100011000110010100111111011101110011
0110000111001011011000100101101011111101001010110010000111101111
0000000011100100011010110111111100111110010011111000100111110111
0100101000001001011001101101011010100011110101101110010010101000
0000000101101101110111100001001010101000110011110000010011000011
0101001111101011000101000110001101011010010010101111011001001111
0011100100000100110100110101111100110110000000010000000101011001
0000000111111000101001001010000100010001000100101011111100100010
0011011001000001101001100110000000001101001100010111010011101101
1010001111001101001001010101111100110000100001010001000110101111
1010111011100100110010001001011010101010011001101101111111010110
1100010100110010010011000111111000011010001100100001001111110011
1010001111110100100100000010110000011100001100000010100000100000
0010110101001110010101010100000110001111010110000011010111011001
0101101001001001101111011111001010011011010111000011110000010011
0011011010001010011100111000010010110101110100111111000001001101
0101110100000011010000100101111010101010000010011010110000101010
0101110001101010110110110011101111001101100010101000101010110000
0000111110101011101001010000000011111001101110100110011111110000
0101000101001000011000100100000101100110010001101110000010111100
0110011010110000111101000111111001101110111111111001011000101101
0101111011101100010001111000001110011101111010100101111101100110
0001111110110111111100110010001011011010111100100111110100001010
1011000101111111001011001101011100011110011001100110100001110111
1110010010011110111010110110000110010110010010001100100111111111
1100010111001011101111110110111101101001111011111100110011001001
0010111010001010001011101000001111111100101010010111100001101001
0100100110100000111110111000010100100000101100010101110100010111
1110101110100001001111010011111101100011110111101011011111111100
1001010100101010011010000000101111010000000111100010001011100000
0100100111110100111000000011010100010101101001001101101010001010
1100011000011010110100101010001000100011101010001111111111010111
0010010000001001001100101100000111001100110100110000011110100111
1100100100000111100101111000100100011000000101111110110111101111
0111101101000110100010110000100101010111100010101101001101111111
0101110111100011110010000111110111111010111111110101011111010111
1000110101000000111100111000000000100111000101000111001010011111
0110101000000101000000111100000111100010010001101011010011101101
1111100001011001000100011100000011011101010000111000001101111101
0100000001111000010001000011111100000111001000111110011110100101
1101100000110011010001011011101100001100000001000110111001111100
0110101000101001110110111100100000111010101100011101101011100111
0110000101111010010011000111110010000001100001000100110011000010
1100110101110100001111100000011001100110001001110100000100010010
1011111111101111010000111101010000101010111110111100110111010101
1010101001100011101111001111011100101111011011101001111010101000
1101001111011010011000001100001110101001000101010001101000011111
1000011111101111111110000010000011001000110011110110010111101011
1001000111100111001001001011100101001000011101010011000101001001
1111101010111011111000010111111111101111111101101011001001100001
0010011010001110100110011100011000000000111000000100111101010111
0100010100011000001001111010000110010000111001001101111111001111
0000101010000011101110000000011011100001010110001011011000001110
1000110011100001110100101000001011011111110110010111111111010010
0101111101011100100110111111110011011111100000100111111110111101
0110111001010111110010001100000100011111010000110011000101110110
1001101110101101100001100100000011011110011101000100111010101011
0001010101110000011111111110010010011001100011100010000000000010
0100000000000000011100010110000011001101001101111111111110111010
1011111110011001111010001111101010111111111011001011110110100001
