1010101000111001111000111100110111000000010100100101100010000010
1111100100011111011010101111101100111011100100011011000010000101
0001111001010100010011010011011011110110100010001101000101111110
1010001000010010011110110110001010110000101110111100001011100001
1111101101111100001110101110011100000100100111101111110010010011
1110110001010100111100111011111111101111101111111011000101001110
1001111110111110110101011101010111011010100110101100011111100100
1110000000100111110111011011011010111011101011110010100101011111
1111010000110110110110011000000000100110010101000011000111010000
0111101100011011100101001100000001100100000100010100100101101111
0111110111100101011001000000001101000000110011001110100000001110
1011111101100001111111100111110111001000111001101001011110100011
1000000101110111001011010000000010011111010000111111001011000011
1101110110101101111000001001110000011100111010001110010100101101
1000101001000101000111010001100110100101011001000010000010000000
0000100011011011100001100010000010111101001011110111111111001111
1000011011100011011111001100011001001000001000000101101001111001
1100101001111000000011011011011000011011100110000100010001101110
0000000100101011110000111010001110010101101010000110011011000100
1011000110101010001000100110001110100001001000110011011101110100
0101111111000111110000101110110111101110010001110001001011001000
1100000000011110100010000100001000000011111000101001011011011111
0010111001011010101011100010001000101111110110001110111000010011
0010111000101000110010111011110111010111101100010101100010010110
1101011101100010000011100000000100000101111110001101111011110101
0011111000000111101000001110000111010011110010111011111110101011
0010101110110000100111010100000110001101000101111100001001100011
1111110001001100000010000010010010010101011111001011100011101010
0010110011010000000110010111111100101101100100001010100110100001
0010100011010001001001010100000011111111110110110000010010100111
0101110000110100100100100011010111010001001011011101000000010001
0101100100100101100010101000111101000100100100101110000011000000
0100010100111000001001011000001011001011000111011001001101011110
