1010101000111001111000111100110111000000010100100101100010000010
1101011011111111010110011111110000010001001101101000101011001100
1111100100011111011010101111101100111011100100011011000010000101
0001111001010100010011010011011011110110100010001101000101111110
1010001000010010011110110110001010110000101110111100001011100001
1111101000000101010001100011010001101110100101000111000101101010
1110101010011010011110000001111110001001111110100000001000111000
0110111000110110111001100011101110100101010010100010101000100010
1111010000001101111111010000001100101010001100101100010011101000
0011100110001110101010000111100111011101101000110110001000000110
1110110001010100111100111011111111101111101111111011000101001110
1101110100111000011010111011111000001001011000101011101100000101
1001111110111110110101011101010111011010100110101100011111100100
1101010110010011100001110101101110001010011110110101110011100001
0111000000011110101010010110101000111100110001001000101001000000
1110000000100111110111011011011010111011101011110010100101011111
0001001010011100111110111101000111111000000110011010111100100101
1011110100101011011010111001110100101100111110111001011111011000
0111101100011011100101001100000001100100000100010100100101101111
0111111011001000010100000100001110001101011011100001100100000000
0000111010101100110001101010110101001000001011010010011011011010
0001100110110000011001010000110001001011000001000100000010001010
0011011010110110101011001110101000100001100010110010100101100001
0111110111100101011001000000001101000000110011001110100000001110
0100001010001011000101001101000001111011011011011011001000000010
1011010110010010100101110111001011010011001100110011011110110101
1100010000001111110101110001010111100101100000011100010101011011
0111001011100100110110000011011111110011101011110110000100111111
0011011001101100001101010100000011010001010101001100111111111001
0110100110111101010010111111000111110101001110010100101100101100
1110001110000001100101100110000101011011001110001011111001100001
1011111101100001111111100111110111001000111001101001011110100011
0111100010110101100001011100011000001111100110111010011101111100
1010110011110011101110110110001001001011100101001110011101011000
1111011010010100101110010110001110101011000101111101010111111100
0000000101010011111111101100010000001011110010000111010000001001
1001000010010001011001000001100011011111001010110011101111000100
0000110000111001111010110000001011001011111100110010000101001010
1011110111011110111011011001000111100011111011100111010100010110
1100001011101101100111100000001100000111111010000010101100011110
1000000000000010101101011010001110011100110101000001011010100100
1001110100110001010100000010000010101010010110001001110001101010
1111001101000100010111011110011001111111011000010111100101011111
0001101001110111110111000101110011111100111101111111000110100100
0011101111011101010111100000000010010100000101101111000111100001
1011010101100001000110010100111000010000100100101110010011111110
1101001111011110000001001010111011100101111011010001011010100000
1111101011101011011101001011111000001101110110010110101000000010
0000100011011011100001100010000010111101001011110111111111001111
0001101110011010011100010111100000100110001100110010010010110001
0000100001110011101000100100000001110111111010010110010011000001
1010000000010010001101011000000100010000000101010010011100000101
1000011011100011011111001100011001001000001000000101101001111001
1101100001001100000001100000010101001100010101011111000100101111
1110111000001001010101110100011000111010010110100100101011010111
0100011100101111101010111010000101010011100100100100001010110011
0111100011100110011000100111110110100010010110101000111110100000
0010011011100110010010100010011011110010001110110000101011010001
1000000100100010111101000101101100000001001100111000110000011010
0011101110011110111001010010111000011001111010010001100110001011
1101110000101100110011111100000011000011010011011110100101111100
0100110000010111110001100000000110100000101001101101110100000111
1111001000010010010101000111010100010000101101001001000000010110
1010010010000100100100100101111011110011000110110110110000001100
0110000000110110111001111110001010001010101001010011111010011011
0111101011101101101111000011110000000100000011001010111110000011
0001110101110001001010110000000000111000001001101001001011101110
1010001011101110011110000000000111101111111001110000100101111001
0011110010111001100010100101001100011000001011100110111001010101
1110011010101110101011000101101111101101001111101010110100000001
0000000101101101110111100001001010101000110011110000010011000011
0101001111101011000101000110001101011010010010101111011001001111
0001111100011010101000111001100010100001110101011101011110001011
1000010000010001111111011100101101101101000110000010011101101011
0001101011001110001011001110100000100110111110010011000111111110
1010111011100100110010001001011010101010011001101101111111010110
1100010011111101000010010110001101010111100010110010111111101010
0010110101001110010101010100000110001111010110000011010111011001
1001010011110001101001000111110011011100111101110010101101110001
0101101001001001101111011111001010011011010111000011110000010011
0011011010001010011100111000010010110101110100111111000001001101
0101100110101001010001001011101101110001101001100001001000000100
0110100010000000101111010000000101111011011000101001100111111010
0110011010110000111101000111111001101110111111111001011000101101
1011000101111111001011001101011100011110011001100110100001110111
1000010000001100100000010100101100001111000011111101000101111101
0001001111110101111011110011001101111010011001001110111000001001
1100011000011010110100101010001000100011101010001111111111010111
0010010000001001001100101100000111001100110100110000011110100111
1001101111110111110110000110100001010111111001110000110000110110
0001000101011000000000011010000001001010010110000100011010010111
0111111100100110001110001111000101111101000000001111110111101100
1101100000110011010001011011101100001100000001000110111001111100
0110000101111010010011000111110010000001100001000100110011000010
1011111111101111010000111101010000101010111110111100110111010101
1110001011100001010001110110001011101000010110001000101000101010
1010101001100011101111001111011100101111011011101001111010101000
1000011111101111111110000010000011001000110011110110010111101011
1010101110010011111001111110101110001101100000111100111101101111
1000100110101111111111011010010011101111111111111111111000101001
0110011000001101001111001110000001011110010001000000101000111110
0100111001000010011000110111110001010011011010101010101100100100
1000110011100001110100101000001011011111110110010111111111010010
1110010001010011101001100101001101010001010010010010010000011010
0010010100000011011111101010111001110110111001110111100011010011
1111111111111110111100110110011011110110011110110011100111000100
0000100110011100101100101110000110001101000100111011011110110011
1000010000100001110010001110001010000111001110000000000101110000
0001110110111000100000011100100100100001000010100110100010111111
1011011110011010010110010111010001011110010010001100001001010010
1001100100100001000111011100001100101111011110101000010100111111
1100010101011100001011010011101110011000000011011000011110110011
1111001110111001000011110011100011101011100001000110001010010011
0110000000110100000010000000001111101000101100110110100101011001
1001100000110101110110100101111011111000110010000001100100010101
1010011101100110100111000110000101111010110000111101111101100101
1111011000001101100001010100101101110110001111001001011000001011
1000010001101110111010010011000100111001010001101010110110111110
0101000110100010000111101001000000000010100010000001011000000000
1111110110011011010010000000111101110001110111110011101100001101
1101001100000010100000101011000101000110011010101101001000110000
1000111111110101000101101011110010100010111101110101111111111000
1100110000001010000101001100000000110111000111100100110101000000
1111010001111111111100111111001100110100100111101011010011110011
1001100110011011101110010101111001010101101001000010010101000000
1101110101010101001000100110101100100010101000111100100110001100
1111010100101100001010010101010111100111111010111000100111010101
0100000000001001110110001101011100000000000000001001000001100100
0010101100011100110000100100000101010010010101101110001010000101
0101010000011100111011001111000101110001001011010100111110000110
0010110011010000000110010111111100101101100100001010100110100001
1101010100101010000100100010000011011100010101111110101010100101
1011110011011111001010000110000111101101111101111001111100111111
0010111000100110001110011000100100110000010000110111101110001111
0111011011011000101001010110000010110111111110001111000111111111
0111111101010100111111111111001011001101111101001111111110100101
0100000110100001101010111100001101111101100100110011000010111111
0010011010110110000110000100000011000100010010100101010111101111
1000000001100011101101011110000100010111110100101010110101011111
1001010001100111100000010011100110001111100001000011101111000110
0101111001010001101011101100011111010110000111001110111111001101
0010001101100100010011001101110100100111001001100101100000011110
1000010010001011001111011010001011110110110000110001011000110011
0001100000001000110011110001010000000000101011000010111000100100
1001001110001011010100010000000000100101110101110100111000101110
0000001100101100110100000100100010111001101010100100010110001011
0111100110011010110100111100111001000101001011011010010001010000
1110101010101001011011011101000010001001111110110000101101010010
0101000100111010010000101011000110111111010010110011111101101000
1011111101010111100110000100000010100001110100110000100000111111
0011111110100101011110111011011111100000010010010000000000011000
1010010111101100000100111110001011100011001001100001100001111010
0000011110101111001111011111111100101011001000110011101111110011
0001110100011011011000001000000000110101011111011110001100111011
0111110110000000010011110100010101111001101011100101000001110100
