1010101000111001111000111100110111000000010100100101100010000010
0001111001010100010011010011011011110110100010001101000101111110
1010001000010010011110110110001010110000101110111100001011100001
1111101000000101010001100011010001101110100101000111000101101010
1110101010011010011110000001111110001001111110100000001000111000
0110111000110110111001100011101110100101010010100010101000100010
1110110001010100111100111011111111101111101111111011000101001110
1001111110111110110101011101010111011010100110101100011111100100
0001001010011100111110111101000111111000000110011010111100100101
1011110100101011011010111001110100101100111110111001011111011000
0111101100011011100101001100000001100100000100010100100101101111
0110000100011100100010000000001110010000101100111011010010110000
0010101101101111100110100010101000111010010010110011001110001000
1110000001101011010011101000001010000010100001110001110110110010
0011011001101100001101010100000011010001010101001100111111111001
0000110100001100000110110101101011001100000011000000100111000100
1011111101100001111111100111110111001000111001101001011110100011
1010110011110011101110110110001001001011100101001110011101011000
1000000101110111001011010000000010011111010000111111001011000011
0000110000111001111010110000001011001011111100110010000101001010
1111001101000100010111011110011001111111011000010111100101011111
0101000011001101001100000110001100110111011110011111111011001011
0011000010100100001000010100011111100010011010110011000100010111
0010100110010110010100001100000100011010010001011000001111011111
1010111111001101100111111100111101110010001101000010000010101011
0110000111001011011000100101101011111101001010110010000111101111
0000000111111000101001001010000100010001000100101011111100100010
1010001111110100100100000010110000011100001100000010100000100000
1011011010011111110101011100101010110000100001001000110100000000
0010110101001110010101010100000110001111010110000011010111011001
0101110001101010110110110011101111001101100010101000101010110000
0000111110101011101001010000000011111001101110100110011111110000
0100100110100000111110111000010100100000101100010101110100010111
1000101010000011111000011000001111000111000001001100000110001110
0111110100011001001010110110000111010101111000000100111101101001
