1010101000111001111000111100110111000000010100100101100010000010
1101011011111111010110011111110000010001001101101000101011001100
1111100100011111011010101111101100111011100100011011000010000101
0001111001010100010011010011011011110110100010001101000101111110
1010001000010010011110110110001010110000101110111100001011100001
1111101101111100001110101110011100000100100111101111110010010011
1111101000000101010001100011010001101110100101000111000101101010
1110101010011010011110000001111110001001111110100000001000111000
0110111000110110111001100011101110100101010010100010101000100010
1111010000001101111111010000001100101010001100101100010011101000
0011100110001110101010000111100111011101101000110110001000000110
1110110001010100111100111011111111101111101111111011000101001110
1101110100111000011010111011111000001001011000101011101100000101
1001111110111110110101011101010111011010100110101100011111100100
0111101101111010010100111001110000111100110110101000011101001000
0100111101000111101110000101111111111001100101101011110100010001
1100110001011110011100110010111000000110111100010101011101110011
0111010010100110110100011000111101100100110011011010001010111011
0111000000011110101010010110101000111100110001001000101001000000
0011110010101001101001010110111000010000110100011011111011001011
1110000000100111110111011011011010111011101011110010100101011111
0010010011101111000000110010000100001101000000001110010111101100
0001001010011100111110111101000111111000000110011010111100100101
1111010000110110110110011000000000100110010101000011000111010000
1011110100101011011010111001110100101100111110111001011111011000
0111101100011011100101001100000001100100000100010100100101101111
1110011110101101111001101101000010101101000011010101010110010010
0111111011001000010100000100001110001101011011100001100100000000
0000111010101100110001101010110101001000001011010010011011011010
0001100110110000011001010000110001001011000001000100000010001010
1100000001111001111110101101111111000011000000011011010010010110
0110000100011100100010000000001110010000101100111011010010110000
0110000111010001100010110100111101001011011101110010100101111110
0101001110001111000110100010010111100100000001000011010001110001
0011011010110110101011001110101000100001100010110010100101100001
0111110111100101011001000000001101000000110011001110100000001110
0100001010001011000101001101000001111011011011011011001000000010
0010101101101111100110100010101000111010010010110011001110001000
1010110100010000010000110111001011001010111111011110010001001100
1110000001101011010011101000001010000010100001110001110110110010
1100100110011001000101101001000001000111000100010100110011010000
1011001101111101111100101001010101011000011100110010101111010100
1011110111011110000000100010101111000001001000111010111001101110
1001101001000010110000101110101100000010011000010000100011011100
1011100110000100111110010011001111000110010001110010010101001000
0010010110011001010110111000111100110101011001100011011000111011
1101111110101010010101100000111000000010111110110111010010100000
0010000010000101000010011111010110110110101110111010101111000101
0111001011100100110110000011011111110011101011110110000100111111
1110001001110110000010011101010110000010011001011000011010100001
0011011001101100001101010100000011010001010101001100111111111001
0110100110111101010010111111000111110101001110010100101100101100
1110001110000001100101100110000101011011001110001011111001100001
0110101111001011000000011001101110111100111000111001010101101001
1011111101100001111111100111110111001000111001101001011110100011
0111100010110101100001011100011000001111100110111010011101111100
1110101001110011000110110110010110000101001001011000000010000000
0000111010100110111000001010010110000101111010100101000101001011
1111100010111010010100010110011111101011000010011011001110010111
0001010110100010010011110100111110001110101001100111101000110101
1010110011110011101110110110001001001011100101001110011101011000
1101001011010101111010111100101100100000011011000011111010011001
1100110100011010011011001100101001100011110111010101110001110100
1110011001111011000110101111101101100101111000101011100000100100
0000000101010011111111101100010000001011110010000111010000001001
1100011111000001000110100101100100100000111101010111101100110101
1111101010011110011100010111011010100100011110011111000100001100
1010010110100111010110011010101001000000000001001001101011100010
1101011100010001110100111111011010110111100101000100010001110100
0010000110110011101111111100000111000101101011001110111100011110
1001000010010001011001000001100011011111001010110011101111000100
0001010110000010101000010000110100010111111001001100110000100101
1101100101000000000100110101111000100010100110011101000001110101
0001001010010001000101100100010100111010111001101101011001011010
0000001001101000001110101100001000100011001100010000010010000111
1010100110011110111000110100010011100111101111001110111101100101
1000000101110111001011010000000010011111010000111111001011000011
0000110000111001111010110000001011001011111100110010000101001010
1011110111011110111011011001000111100011111011100111010100010110
0010010100001000011100101011100000000000111011100110100011010110
0000101001010011110010111100000000110000010001011110011100110101
1000000000000010101101011010001110011100110101000001011010100100
0110100100011100010100110100010100000000100101010000001011110110
1001110100110001010100000010000010101010010110001001110001101010
