1101011011111111010110011111110000010001001101101000101011001100
1111100100011111011010101111101100111011100100011011000010000101
0001111001010100010011010011011011110110100010001101000101111110
1010001000010010011110110110001010110000101110111100001011100001
1111101101111100001110101110011100000100100111101111110010010011
1111101000000101010001100011010001101110100101000111000101101010
1110101010011010011110000001111110001001111110100000001000111000
1111010000001101111111010000001100101010001100101100010011101000
0011100110001110101010000111100111011101101000110110001000000110
1101110100111000011010111011111000001001011000101011101100000101
1001111110111110110101011101010111011010100110101100011111100100
1101010110010011100001110101101110001010011110110101110011100001
0111000000011110101010010110101000111100110001001000101001000000
0011110010101001101001010110111000010000110100011011111011001011
0010010011101111000000110010000100001101000000001110010111101100
0001001010011100111110111101000111111000000110011010111100100101
1111010000110110110110011000000000100110010101000011000111010000
0111101100011011100101001100000001100100000100010100100101101111
1110011110101101111001101101000010101101000011010101010110010010
0111111011001000010100000100001110001101011011100001100100000000
0000111010101100110001101010110101001000001011010010011011011010
0001100110110000011001010000110001001011000001000100000010001010
1100000001111001111110101101111111000011000000011011010010010110
0110000111010001100010110100111101001011011101110010100101111110
0101001110001111000110100010010111100100000001000011010001110001
0011011010110110101011001110101000100001100010110010100101100001
0111110111100101011001000000001101000000110011001110100000001110
1011010110010010100101110111001011010011001100110011011110110101
0010101101101111100110100010101000111010010010110011001110001000
1110000001101011010011101000001010000010100001110001110110110010
1011110111011110000000100010101111000001001000111010111001101110
0011011001101100001101010100000011010001010101001100111111111001
1110001110000001100101100110000101011011001110001011111001100001
0000110100001100000110110101101011001100000011000000100111000100
1011111101100001111111100111110111001000111001101001011110100011
1110101001110011000110110110010110000101001001011000000010000000
1111100010111010010100010110011111101011000010011011001110010111
1010110011110011101110110110001001001011100101001110011101011000
