1010101000111001111000111100110111000000010100100101100010000010
1101011011111111010110011111110000010001001101101000101011001100
1111100100011111011010101111101100111011100100011011000010000101
0001111001010100010011010011011011110110100010001101000101111110
1010001000010010011110110110001010110000101110111100001011100001
1111101000000101010001100011010001101110100101000111000101101010
1110101010011010011110000001111110001001111110100000001000111000
0110111000110110111001100011101110100101010010100010101000100010
1111010000001101111111010000001100101010001100101100010011101000
0011100110001110101010000111100111011101101000110110001000000110
1110110001010100111100111011111111101111101111111011000101001110
1001111110111110110101011101010111011010100110101100011111100100
0100111101000111101110000101111111111001100101101011110100010001
1100110001011110011100110010111000000110111100010101011101110011
1101010110010011100001110101101110001010011110110101110011100001
0111010010100110110100011000111101100100110011011010001010111011
1110000000100111110111011011011010111011101011110010100101011111
0010010011101111000000110010000100001101000000001110010111101100
0001001010011100111110111101000111111000000110011010111100100101
1111010000110110110110011000000000100110010101000011000111010000
1011110100101011011010111001110100101100111110111001011111011000
0111101100011011100101001100000001100100000100010100100101101111
1110011110101101111001101101000010101101000011010101010110010010
0011011010110110101011001110101000100001100010110010100101100001
0111110111100101011001000000001101000000110011001110100000001110
0100001010001011000101001101000001111011011011011011001000000010
1011010110010010100101110111001011010011001100110011011110110101
1100010000001111110101110001010111100101100000011100010101011011
0111001011100100110110000011011111110011101011110110000100111111
0011011001101100001101010100000011010001010101001100111111111001
1110001110000001100101100110000101011011001110001011111001100001
1011111101100001111111100111110111001000111001101001011110100011
1010110011110011101110110110001001001011100101001110011101011000
1111011010010100101110010110001110101011000101111101010111111100
0000000101010011111111101100010000001011110010000111010000001001
0110001010000001110011100110011001001001100001110000111111101010
0010000110110011101111111100000111000101101011001110111100011110
1001000010010001011001000001100011011111001010110011101111000100
0001001010010001000101100100010100111010111001101101011001011010
0000001001101000001110101100001000100011001100010000010010000111
1000000000000010101101011010001110011100110101000001011010100100
0010100010010011100001110000001010001100101011100100000010010100
1001110100110001010100000010000010101010010110001001110001101010
1011100100101011010000011110000100001000100010011111011101010110
0001101001110111110111000101110011111100111101111111000110100100
1111101011101011011101001011111000001101110110010110101000000010
0000100011011011100001100010000010111101001011110111111111001111
0000100001110011101000100100000001110111111010010110010011000001
1010000000010010001101011000000100010000000101010010011100000101
1011010010010100111010011100100010010100101101100010111100010100
1101100001001100000001100000010101001100010101011111000100101111
0100011100101111101010111010000101010011100100100100001010110011
1000000100100010111101000101101100000001001100111000110000011010
0011101110011110111001010010111000011001111010010001100110001011
0000111011110101000000000010001011000010000010110010010100010011
0100110000010111110001100000000110100000101001101101110100000111
0011101110100001111111000011011011111101001101010111100100110111
1010010010000100100100100101111011110011000110110110110000001100
0010111100101001100000110111111001100111111101111100101111000101
0000011011110111111110101010111101001111101011010100101011011110
0111101011101101101111000011110000000100000011001010111110000011
0001110101110001001010110000000000111000001001101001001011101110
0011110010111001100010100101001100011000001011100110111001010101
0001111100011010101000111001100010100001110101011101011110001011
1010111011100100110010001001011010101010011001101101111111010110
0010110101001110010101010100000110001111010110000011010111011001
0110111101100101100110011110000011101111111010100010101011110000
0011010001100000110110000000110110110111011000110001011001111110
0110001100100000110011110000000010110111110101110100000110100100
1000100111101001111101111001110110000001110001001110111011000111
0101100110101001010001001011101101110001101001100001001000000100
1011000101111111001011001101011100011110011001100110100001110111
0111010100010100100001010100000111110100011111010111000011100101
1110010010011110111010110110000110010110010010001100100111111111
0001001111110101111011110011001101111010011001001110111000001001
1011111011111000001101000011101101111001010111110111111010100011
1111110011110010110001011000001110111000111110001111010011100011
1100011000011010110100101010001000100011101010001111111111010111
1000101010000011111000011000001111000111000001001100000110001110
0010111101011001000001010000010101001111010001011011111000100111
0010111001011010101011100010001000101111110110001110111000010011
0001000101011000000000011010000001001010010110000100011010010111
0001110110001000000001011010100000110001011101000101110101000001
0110000101111010010011000111110010000001100001000100110011000010
1011111111101111010000111101010000101010111110111100110111010101
1110001011100001010001110110001011101000010110001000101000101010
0100111001000010011000110111110001010011011010101010101100100100
1110000011010000010110111111111111110100000010100110000010111110
1111101011101101001101000110011101011010011000010011111011111111
1010101101000000110000100101000001101011000011100100010011000000
0000011000110100010001111100000010011111111001001010001100110111
0101111111110010011011001001000111010111110111101010101110011100
0101101100000110110101010010000001010000100000001001100110011010
0000101111011101010010111101111001001010111111010111100100111100
0001110110111000100000011100100100100001000010100110100010111111
1011010010110110000111100110000010011111011110010011010110101001
1001100100100001000111011100001100101111011110101000010100111111
1100010101011100001011010011101110011000000011011000011110110011
1000010111001100111000101011100110101110011010011001011000101001
0101010000010011001011011000111000011110100110100111001000110100
0101101011000001000000101010001101010111111111010100010011110101
1101010100010010010001101000000111110110111001100111000111001100
1111001110111001000011110011100011101011100001000110001010010011
1100111001110001101011000100000011111001100001101100100011111111
0110100000100000100010000010000110011011010000111011010001111010
1101110001011000010000001110000001000100000101110111001100111011
0101000100100001000010101000011011111111011110000000000001000100
1001100000110101110110100101111011111000110010000001100100010101
0101000110100010000111101001000000000010100010000001011000000000
1111000111000001111110001100000011111010101110101110111110000110
0101110110100000011000000010010100000001000010000011011101100101
0010000010000000111010110100001011011110111001100101011111001111
0110110101100000110000000000000000011101111110101011110011101110
1101111010001100101001100010000111001101000010001010000000010100
0101100001111101111010010111110101101010010011111110101000001101
0100000000000111110000010100000000010001001110010000101001000011
1001100110011011101110010101111001010101101001000010010101000000
1111000100010110001001001010111010000111000111111010010001101011
1101110101010101001000100110101100100010101000111100100110001100
0011010010110110111001011111001010111101000010000110011101111101
0111011010100010000111100100010000100100011000000101110001100000
0010110011010000000110010111111100101101100100001010100110100001
1011110011011111001010000110000111101101111101111001111100111111
0111010011000000010001100011001000011011011100000000110111001010
0010100000100001011011001101101110110111001000010100000010000101
0111011011011000101001010110000010110111111110001111000111111111
0111111101010100111111111111001011001101111101001111111110100101
0111100001111111101011111011111101110111001110001101111101001110
1001010001100111100000010011100110001111100001000011101111000110
1001101011011101101001110011010101111010010111010001000110110101
0111000000000010111111100100000001011001010111000100011110000011
0010001101100100010011001101110100100111001001100101100000011110
1000010010001011001111011010001011110110110000110001011000110011
0000001100101100110100000100100010111001101010100100010110001011
0111100110011010110100111100111001000101001011011010010001010000
0101001000000000000000000000110010101011010110111000100001001101
1110101010101001011011011101000010001001111110110000101101010010
0101011001100011111010001001000111011011001000010000110010010011
0011111110100101011110111011011111100000010010010000000000011000
1111101011010001001111110101111101101110100011101000000010011111
1011110111110010111101100010010000011011001001001100101011101111
0000010001101010011110001111000110111011010010110100100010100110
1100111110011101010101100111110001001111111101111111111000111110
1010010111101100000100111110001011100011001001100001100001111010
1100101000100111011101010100000010111000111010011001110010001111
0111010100000111000100000110010011001100001001111001000001111001
0111111001011110100111111011100101101101010011101011110010001011
0101100111100110111111100010001101101011010011100101100100011111
0101110110110000000101110011011000110010010100001010001111101111
1100010010001011101000111111000101111011010011000100101111101100
0010010100101110000110110100111101110101101010001001100101000110
1111001100100001101010111011011101110100000000101011100111000001
1111010011110010111100000111110111101111001110111110101001010111
0111110110111111101111001011110101110101111101110111110111100011
1000000100001001010100011001000010001001000010100010010001001000
1000111111010000010111111111111011011111011011011001101011111101
