1010101000111001111000111100110111000000010100100101100010000010
1101011011111111010110011111110000010001001101101000101011001100
0001111001010100010011010011011011110110100010001101000101111110
1010001000010010011110110110001010110000101110111100001011100001
1111101101111100001110101110011100000100100111101111110010010011
1110101010011010011110000001111110001001111110100000001000111000
1100110001011110011100110010111000000110111100010101011101110011
0111010010100110110100011000111101100100110011011010001010111011
0001001010011100111110111101000111111000000110011010111100100101
0111101100011011100101001100000001100100000100010100100101101111
0111111011001000010100000100001110001101011011100001100100000000
0100001010001011000101001101000001111011011011011011001000000010
1100110100011101011111100100001101000100100011110101010010000100
1011111101100001111111100111110111001000111001101001011110100011
1010100110011110111000110100010011100111101111001110111101100101
1000000101110111001011010000000010011111010000111111001011000011
0000110000111001111010110000001011001011111100110010000101001010
1000101001000101000111010001100110100101011001000010000010000000
0000100011011011100001100010000010111101001011110111111111001111
1100101001111000000011011011011000011011100110000100010001101110
1011000110101010001000100110001110100001001000110011011101110100
0101111111000111110000101110110111101110010001110001001011001000
0100110000100101110101011011100000111000001011111010101010001011
1100000000011110100010000100001000000011111000101001011011011111
0010111000101000110010111011110111010111101100010101100010010110
0011111000000111101000001110000111010011110010111011111110101011
1010100110100101000101001000000110101101001011011000000011011011
0010101100011100110000100100000101010010010101101110001010000101
0010110011010000000110010111111100101101100100001010100110100001
0010100011010001001001010100000011111111110110110000010010100111
0001111001000111010111001000011011100010001100111011001000011001
1000110111010101100011000000001000110111100001101000110010110001
0101110000110100100100100011010111010001001011011101000000010001
0101100100100101100010101000111101000100100100101110000011000000
