1010101000111001111000111100110111000000010100100101100010000010
1101011011111111010110011111110000010001001101101000101011001100
1111100100011111011010101111101100111011100100011011000010000101
0001111001010100010011010011011011110110100010001101000101111110
1010001000010010011110110110001010110000101110111100001011100001
1111101101111100001110101110011100000100100111101111110010010011
1111101000000101010001100011010001101110100101000111000101101010
1110101010011010011110000001111110001001111110100000001000111000
1111010000001101111111010000001100101010001100101100010011101000
1110110001010100111100111011111111101111101111111011000101001110
1101110100111000011010111011111000001001011000101011101100000101
1001111110111110110101011101010111011010100110101100011111100100
0111101101111010010100111001110000111100110110101000011101001000
0111010010100110110100011000111101100100110011011010001010111011
0111000000011110101010010110101000111100110001001000101001000000
0011110010101001101001010110111000010000110100011011111011001011
1110000000100111110111011011011010111011101011110010100101011111
0010010011101111000000110010000100001101000000001110010111101100
0001001010011100111110111101000111111000000110011010111100100101
1111010000110110110110011000000000100110010101000011000111010000
1011110100101011011010111001110100101100111110111001011111011000
0111101100011011100101001100000001100100000100010100100101101111
0001100110110000011001010000110001001011000001000100000010001010
0110000100011100100010000000001110010000101100111011010010110000
0111110111100101011001000000001101000000110011001110100000001110
0100001010001011000101001101000001111011011011011011001000000010
0010101101101111100110100010101000111010010010110011001110001000
1001101001000010110000101110101100000010011000010000100011011100
1000011111101010110111000010101001100100111101010011100011001000
0011011001101100001101010100000011010001010101001100111111111001
0110100110111101010010111111000111110101001110010100101100101100
1110001110000001100101100110000101011011001110001011111001100001
0000110100001100000110110101101011001100000011000000100111000100
1011111101100001111111100111110111001000111001101001011110100011
1111000100010100101110101110101000100111101000010111000110001010
0100100001010111111100000000010010100010001001111110100000001101
0000111010100110111000001010010110000101111010100101000101001011
0011000001011100011011000101001110101110110000101010010001001011
1010110011110011101110110110001001001011100101001110011101011000
1110011001111011000110101111101101100101111000101011100000100100
1000010000000011001000100100110110011000100110010000111110111000
1101011100010001110100111111011010110111100101000100010001110100
0010000110110011101111111100000111000101101011001110111100011110
1001000010010001011001000001100011011111001010110011101111000100
0001001010010001000101100100010100111010111001101101011001011010
0000001001101000001110101100001000100011001100010000010010000111
1010100110011110111000110100010011100111101111001110111101100101
1010010101000000011010011000110001100000111101110110000001110110
0000110000111001111010110000001011001011111100110010000101001010
0010010100001000011100101011100000000000111011100110100011010110
1101110110101101111000001001110000011100111010001110010100101101
0011001101000101100001100100000001101011111100000010001101101001
1010110110000111110101100001011111010011100101011101110110010001
0100100100101110000101010101100101111101110000111101011110010110
1010101111111010000101000011110101001001011110010010011001111000
1011101100100101010000110001001110010000001101001011010100000000
0001101001110111110111000101110011111100111101111111000110100100
0011101111011101010111100000000010010100000101101111000111100001
1011001011000001100010010001010000001010001011010000110001111000
1101001111011110000001001010111011100101111011010001011010100000
1111110101111111101100101111011000000010000110000100011110101110
0000100011011011100001100010000010111101001011110111111111001111
1101000110111010110100010100010011101110000001011010101101111001
1010000000010010001101011000000100010000000101010010011100000101
1010010010110100100010011100100001001010000101011001001010111000
0111111010101001101110110001101100011101010111100101101101100011
0101010000011100111010000010001010101101111001001011010110110010
1110000100110111111001000011111111010100010101110000100110101110
1110100000101010110000001101001000100010011010110010100101110011
0000000100101011110000111010001110010101101010000110011011000100
0010011011100110010010100010011011110010001110110000101011010001
0000111011110101000000000010001011000010000010110010010100010011
0101000011001101001100000110001100110111011110011111111011001011
0100110000010111110001100000000110100000101001101101110100000111
1010010010000100100100100101111011110011000110110110110000001100
1001101101010010111110110010101000101001100000011011111111111011
1000001000000000011101000110010001110001110010100000101110010110
1100000011100010111001111010000111111011100010111111111100110101
0011001101101000111111001000011011010111000011011100010110000011
0111101011101101101111000011110000000100000011001010111110000011
0101010010000110101111010000001100100101101010110011100101011100
0010100110010110010100001100000100011010010001011000001111011111
1010111111001101100111111100111101110010001101000010000010101011
1100011011011000011110011001111010001000010111001111001111000000
0110001111001110101010001010010111100010111011011101011000000111
0110000111001011011000100101101011111101001010110010000111101111
0000000011100100011010110111111100111110010011111000100111110111
0000000101101101110111100001001010101000110011110000010011000011
0101001111101011000101000110001101011010010010101111011001001111
0011100100000100110100110101111100110110000000010000000101011001
0000000111111000101001001010000100010001000100101011111100100010
1101110111000001000010001111000101111111100111110110101010111011
0011011001000001101001100110000000001101001100010111010011101101
1010111011100100110010001001011010101010011001101101111111010110
0111010111010110000101111000010000001011001110111110101110000100
1100010100110010010011000111111000011010001100100001001111110011
1010001111110100100100000010110000011100001100000010100000100000
0010110101001110010101010100000110001111010110000011010111011001
0101101001001001101111011111001010011011010111000011110000010011
0011011010001010011100111000010010110101110100111111000001001101
0101110100000011010000100101111010101010000010011010110000101010
0101110001101010110110110011101111001101100010101000101010110000
0000111110101011101001010000000011111001101110100110011111110000
0101000101001000011000100100000101100110010001101110000010111100
0110011010110000111101000111111001101110111111111001011000101101
0101111011101100010001111000001110011101111010100101111101100110
1011000101111111001011001101011100011110011001100110100001110111
1110010010011110111010110110000110010110010010001100100111111111
1100010111001011101111110110111101101001111011111100110011001001
1110100111101001001001100101111100111101001101100110101011111011
0100010001001010110110011110000010011010111011000100100000011101
0010111010001010001011101000001111111100101010010111100001101001
0100100110100000111110111000010100100000101100010101110100010111
1110101110100001001111010011111101100011110111101011011111111100
0001001111110101111011110011001101111010011001001110111000001001
1001010100101010011010000000101111010000000111100010001011100000
1000000100100001001100101100110110010101010110100101001011010000
0010010000001001001100101100000111001100110100110000011110100111
1100100100000111100101111000100100011000000101111110110111101111
0101110111100011110010000111110111111010111111110101011111010111
0110101000000101000000111100000111100010010001101011010011101101
1100010110001010001000100111110101000010001100001100001001000110
0000001111000000110101001101110001000100010000010010000001110000
1101100000110011010001011011101100001100000001000110111001111100
0110101000101001110110111100100000111010101100011101101011100111
0110000101111010010011000111110010000001100001000100110011000010
1100110101110100001111100000011001100110001001110100000100010010
1011111111101111010000111101010000101010111110111100110111010101
1101001111011010011000001100001110101001000101010001101000011111
1111101010111011111000010111111111101111111101101011001001100001
0100010100011000001001111010000110010000111001001101111111001111
0000101010000011101110000000011011100001010110001011011000001110
0101111101011100100110111111110011011111100000100111111110111101
0110111001010111110010001100000100011111010000110011000101110110
1000111111010001110001001000001100101011101000011000001100110111
1001101110101101100001100100000011011110011101000100111010101011
1011101011010001000011110011100110101111111110110001111110100001
0110011001100010000000111111011010011000000110001001010011100101
0001010101110000011111111110010010011001100011100010000000000010
0100000000000000011100010110000011001101001101111111111110111010
