1101011011111111010110011111110000010001001101101000101011001100
1111100100011111011010101111101100111011100100011011000010000101
0001111001010100010011010011011011110110100010001101000101111110
1010001000010010011110110110001010110000101110111100001011100001
1111101101111100001110101110011100000100100111101111110010010011
1111101000000101010001100011010001101110100101000111000101101010
1110101010011010011110000001111110001001111110100000001000111000
1111010000001101111111010000001100101010001100101100010011101000
1110110001010100111100111011111111101111101111111011000101001110
1001111110111110110101011101010111011010100110101100011111100100
1101010110010011100001110101101110001010011110110101110011100001
0111010010100110110100011000111101100100110011011010001010111011
0111000000011110101010010110101000111100110001001000101001000000
0011110010101001101001010110111000010000110100011011111011001011
0010010011101111000000110010000100001101000000001110010111101100
0001001010011100111110111101000111111000000110011010111100100101
1111010000110110110110011000000000100110010101000011000111010000
1011110100101011011010111001110100101100111110111001011111011000
0111101100011011100101001100000001100100000100010100100101101111
1110011110101101111001101101000010101101000011010101010110010010
0000111010101100110001101010110101001000001011010010011011011010
0001100110110000011001010000110001001011000001000100000010001010
1100000001111001111110101101111111000011000000011011010010010110
0110000100011100100010000000001110010000101100111011010010110000
0110000111010001100010110100111101001011011101110010100101111110
0010101101101111100110100010101000111010010010110011001110001000
1110000001101011010011101000001010000010100001110001110110110010
1011110111011110000000100010101111000001001000111010111001101110
0010101000101101001110100000101110111111001010110000011101011011
0011011001101100001101010100000011010001010101001100111111111001
0110100110111101010010111111000111110101001110010100101100101100
1110001110000001100101100110000101011011001110001011111001100001
1011111101100001111111100111110111001000111001101001011110100011
1111100010111010010100010110011111101011000010011011001110010111
0000000101010011111111101100010000001011110010000111010000001001
1111101010011110011100010111011010100100011110011111000100001100
0010000110110011101111111100000111000101101011001110111100011110
0000001001101000001110101100001000100011001100010000010010000111
1000000101110111001011010000000010011111010000111111001011000011
0000110000111001111010110000001011001011111100110010000101001010
1000000000000010101101011010001110011100110101000001011010100100
