1010101000111001111000111100110111000000010100100101100010000010
1101011011111111010110011111110000010001001101101000101011001100
1111100100011111011010101111101100111011100100011011000010000101
0001111001010100010011010011011011110110100010001101000101111110
1010001000010010011110110110001010110000101110111100001011100001
1111101101111100001110101110011100000100100111101111110010010011
1111101000000101010001100011010001101110100101000111000101101010
1110101010011010011110000001111110001001111110100000001000111000
0110111000110110111001100011101110100101010010100010101000100010
1111010000001101111111010000001100101010001100101100010011101000
1101110100111000011010111011111000001001011000101011101100000101
1001111110111110110101011101010111011010100110101100011111100100
0111101101111010010100111001110000111100110110101000011101001000
0100111101000111101110000101111111111001100101101011110100010001
1101010110010011100001110101101110001010011110110101110011100001
0111010010100110110100011000111101100100110011011010001010111011
0111000000011110101010010110101000111100110001001000101001000000
0010010011101111000000110010000100001101000000001110010111101100
0001001010011100111110111101000111111000000110011010111100100101
1111010000110110110110011000000000100110010101000011000111010000
0111101100011011100101001100000001100100000100010100100101101111
1110011110101101111001101101000010101101000011010101010110010010
0000111010101100110001101010110101001000001011010010011011011010
0011011010110110101011001110101000100001100010110010100101100001
0100001010001011000101001101000001111011011011011011001000000010
1011010110010010100101110111001011010011001100110011011110110101
0010101101101111100110100010101000111010010010110011001110001000
1001101001000010110000101110101100000010011000010000100011011100
0010010110011001010110111000111100110101011001100011011000111011
0011011001101100001101010100000011010001010101001100111111111001
0110100110111101010010111111000111110101001110010100101100101100
1110001110000001100101100110000101011011001110001011111001100001
0000110100001100000110110101101011001100000011000000100111000100
1011111101100001111111100111110111001000111001101001011110100011
1110101001110011000110110110010110000101001001011000000010000000
0100100001010111111100000000010010100010001001111110100000001101
0011000001011100011011000101001110101110110000101010010001001011
1010110011110011101110110110001001001011100101001110011101011000
1111011010010100101110010110001110101011000101111101010111111100
1000010000000011001000100100110110011000100110010000111110111000
1101011100010001110100111111011010110111100101000100010001110100
0010000110110011101111111100000111000101101011001110111100011110
1001000010010001011001000001100011011111001010110011101111000100
1101110100011100110000110001010110000011111010100011110010110010
1000011000101111000000010011100011111100101011111001100111110100
0001001010010001000101100100010100111010111001101101011001011010
0000001001101000001110101100001000100011001100010000010010000111
1010100110011110111000110100010011100111101111001110111101100101
1000000101110111001011010000000010011111010000111111001011000011
0000101001010011110010111100000000110000010001011110011100110101
1011100100101011010000011110000100001000100010011111011101010110
1101110110101101111000001001110000011100111010001110010100101101
1011001111101100011010110111100001101111101001001010000010100110
0010000001100101111011011001010100100001001010101010011001100101
1010110110000111110101100001011111010011100101011101110110010001
0100100100101110000101010101100101111101110000111101011110010110
1111011000111101100111110000110011111111011111001110111010000011
1010101111111010000101000011110101001001011110010010011001111000
0001101001110111110111000101110011111100111101111111000110100100
1101001111011110000001001010111011100101111011010001011010100000
0110100110111101100001100000000101101011001011111011001101001001
1100100010100111011000110110001001100001010010000110001001101100
1111110101111111101100101111011000000010000110000100011110101110
0000100011011011100001100010000010111101001011110111111111001111
0110000110001100111001111110110100010110100110001101011111000010
1101000110111010110100010100010011101110000001011010101101111001
0111010011110101010000101111011110000000101000011011110011011110
0100111111110010000100001111010010001111111111000110111001001110
0111110001001110110110011110110010011100101001100101101111110111
1010010010110100100010011100100001001010000101011001001010111000
0100111010100101001010110101001111101111111001011011011011001100
1011111011100101010010000010010001000001001110001010001011011011
0111111010101001101110110001101100011101010111100101101101100011
0101010000011100111010000010001010101101111001001011010110110010
0001100101000111000111110000110101110110111010000001100101100000
0100011100101111101010111010000101010011100100100100001010110011
0000000100101011110000111010001110010101101010000110011011000100
0010011011100110010010100010011011110010001110110000101011010001
1101110000101100110011111100000011000011010011011110100101111100
0000111011110101000000000010001011000010000010110010010100010011
0100110000010111110001100000000110100000101001101101110100000111
1010010010000100100100100101111011110011000110110110110000001100
1001101101010010111110110010101000101001100000011011111111111011
1000001000000000011101000110010001110001110010100000101110010110
1101101110001001011111011110000011000100111100011110101111011000
1100000011100010111001111010000111111011100010111111111100110101
0111101011101101101111000011110000000100000011001010111110000011
1111001101010110110010001000010010101111011010100011000011001110
0101010010000110101111010000001100100101101010110011100101011100
1010001011101110011110000000000111101111111001110000100101111001
0010100110010110010100001100000100011010010001011000001111011111
1010111111001101100111111100111101110010001101000010000010101011
1000010111110101011001000100001100001010000000000111101001100111
0110000111001011011000100101101011111101001010110010000111101111
0000000011100100011010110111111100111110010011111000100111110111
0100101000001001011001101101011010100011110101101110010010101000
0000000101101101110111100001001010101000110011110000010011000011
0101001111101011000101000110001101011010010010101111011001001111
0000000111111000101001001010000100010001000100101011111100100010
0001111111011111101111011001001010101101110111100111101001010011
0010110111111000000010010000001011110110110000000011011111010001
1010111011100100110010001001011010101010011001101101111111010110
0100101101101000001010101001101100000000011000100100000000000011
1010001111110100100100000010110000011100001100000010100000100000
1100001111100100101110010010010011111011111001000011000110111010
0010110101001110010101010100000110001111010110000011010111011001
1100000000011110100010000100001000000011111000101001011011011111
0111110110110001100100111100111101011111111100101110011001000111
0010001101101100100001011100000011000000001001000011110101100000
0101101001001001101111011111001010011011010111000011110000010011
0101110100000011010000100101111010101010000010011010110000101010
0101110001101010110110110011101111001101100010101000101010110000
0001011111110000110110100100010000111000101010001101101010100110
0000111110101011101001010000000011111001101110100110011111110000
0101000101001000011000100100000101100110010001101110000010111100
1010000000010010001000010110001011010100100011101101000100001011
1011111001010011110001110100101111101010000111111001011000101000
0110011010110000111101000111111001101110111111111001011000101101
0001111110110111111100110010001011011010111100100111110100001010
1011000101111111001011001101011100011110011001100110100001110111
1110010010011110111010110110000110010110010010001100100111111111
1100010111001011101111110110111101101001111011111100110011001001
0010111010001010001011101000001111111100101010010111100001101001
0100100110100000111110111000010100100000101100010101110100010111
1110101110100001001111010011111101100011110111101011011111111100
1001010100101010011010000000101111010000000111100010001011100000
0100110001110101111110110101001000001110101100110100111100111011
0010010000001001001100101100000111001100110100110000011110100111
0100000001111000010001000011111100000111001000111110011110100101
1101110110000110010011101011001110001111101100010111101101001111
0101011100001100111011110110000011011000001011100010100100000100
0000101001101001010011001111100101000011010001110110001000100100
1100001101100011111110010000000011001110100111110111001111001111
1101100000110011010001011011101100001100000001000110111001111100
0110101000101001110110111100100000111010101100011101101011100111
0110000101111010010011000111110010000001100001000100110011000010
1100110101110100001111100000011001100110001001110100000100010010
1011111111101111010000111101010000101010111110111100110111010101
0000111100100011111101011010101100000010111000110110011000000100
1010101001100011101111001111011100101111011011101001111010101000
1011111010101101010011101100010010101010000011001110010010100010
1101001111011010011000001100001110101001000101010001101000011111
1000011111101111111110000010000011001000110011110110010111101011
1001000111100111001001001011100101001000011101010011000101001001
0000011000110100010001111100000010011111111001001010001100110111
