1010101000111001111000111100110111000000010100100101100010000010
1111100100011111011010101111101100111011100100011011000010000101
1010001000010010011110110110001010110000101110111100001011100001
1111101101111100001110101110011100000100100111101111110010010011
1110101010011010011110000001111110001001111110100000001000111000
0110111000110110111001100011101110100101010010100010101000100010
1001111110111110110101011101010111011010100110101100011111100100
1100110001011110011100110010111000000110111100010101011101110011
0011110010101001101001010110111000010000110100011011111011001011
1110000000100111110111011011011010111011101011110010100101011111
0010010011101111000000110010000100001101000000001110010111101100
0111101100011011100101001100000001100100000100010100100101101111
0111111011001000010100000100001110001101011011100001100100000000
0001100110110000011001010000110001001011000001000100000010001010
0110000100011100100010000000001110010000101100111011010010110000
0101001110001111000110100010010111100100000001000011010001110001
0011011010110110101011001110101000100001100010110010100101100001
1100100110011001000101101001000001000111000100010100110011010000
0011011001101100001101010100000011010001010101001100111111111001
0110100110111101010010111111000111110101001110010100101100101100
1011111101100001111111100111110111001000111001101001011110100011
0010000110110011101111111100000111000101101011001110111100011110
0000001001101000001110101100001000100011001100010000010010000111
1000000101110111001011010000000010011111010000111111001011000011
0000110000111001111010110000001011001011111100110010000101001010
0010111110011111100010101010110001001000100111111111000111101001
1111101001011000000101101100110110110010001010001111011011100100
1010010010110100100010011100100001001010000101011001001010111000
0010011011100110010010100010011011110010001110110000101011010001
0100110000010111110001100000000110100000101001101101110100000111
0110100111001011100001101000001010111111100001001111111010110111
0101010111010010000000110000111011011100011010100110100101100111
1010001011101110011110000000000111101111111001110000100101111001
1010111111001101100111111100111101110010001101000010000010101011
0101110111011011111001000100000101101010000110101001011011011111
0011100100000100110100110101111100110110000000010000000101011001
