1010101000111001111000111100110111000000010100100101100010000010
1101011011111111010110011111110000010001001101101000101011001100
1111100100011111011010101111101100111011100100011011000010000101
0001111001010100010011010011011011110110100010001101000101111110
1010001000010010011110110110001010110000101110111100001011100001
1111101101111100001110101110011100000100100111101111110010010011
1110101010011010011110000001111110001001111110100000001000111000
1111010000001101111111010000001100101010001100101100010011101000
0110111000110110111001100011101110100101010010100010101000100010
0011100110001110101010000111100111011101101000110110001000000110
1110110001010100111100111011111111101111101111111011000101001110
1101110100111000011010111011111000001001011000101011101100000101
1001111110111110110101011101010111011010100110101100011111100100
0100111101000111101110000101111111111001100101101011110100010001
1101010110010011100001110101101110001010011110110101110011100001
1110011110101101111001101101000010101101000011010101010110010010
0111111011001000010100000100001110001101011011100001100100000000
1100000001111001111110101101111111000011000000011011010010010110
0111010010100110110100011000111101100100110011011010001010111011
0111000000011110101010010110101000111100110001001000101001000000
0011110010101001101001010110111000010000110100011011111011001011
0010010011101111000000110010000100001101000000001110010111101100
0001100110110000011001010000110001001011000001000100000010001010
1111010000110110110110011000000000100110010101000011000111010000
0101001110001111000110100010010111100100000001000011010001110001
1110000001101011010011101000001010000010100001110001110110110010
0001001010011100111110111101000111111000000110011010111100100101
0011011001101100001101010100000011010001010101001100111111111001
1111101000000101010001100011010001101110100101000111000101101010
0111101101111010010100111001110000111100110110101000011101001000
1011110100101011011010111001110100101100111110111001011111011000
0111101100011011100101001100000001100100000100010100100101101111
1100110001011110011100110010111000000110111100010101011101110011
0110000100011100100010000000001110010000101100111011010010110000
1110001110000001100101100110000101011011001110001011111001100001
0111110111100101011001000000001101000000110011001110100000001110
0000111010101100110001101010110101001000001011010010011011011010
0101011101011111011110000001110001001000110010011000010101010101
0011011010110110101011001110101000100001100010110010100101100001
1011110111011110000000100010101111000001001000111010111001101110
1000010101010010110110110000010011101011110010101010000011110100
0110000111010001100010110100111101001011011101110010100101111110
0110100110111101010010111111000111110101001110010100101100101100
1111000100010100101110101110101000100111101000010111000110001010
1010110011110011101110110110001001001011100101001110011101011000
0000001001101000001110101100001000100011001100010000010010000111
0000110000111001111010110000001011001011111100110010000101001010
1110000000100111110111011011011010111011101011110010100101011111
1000000101110111001011010000000010011111010000111111001011000011
0010000110110011101111111100000111000101101011001110111100011110
1100011111000101100011101110110010000011011110000001100001101101
1100110100011101011111100100001101000100100011110101010010000100
