1010101000111001111000111100110111000000010100100101100010000010
1101011011111111010110011111110000010001001101101000101011001100
1111100100011111011010101111101100111011100100011011000010000101
0001111001010100010011010011011011110110100010001101000101111110
1010001000010010011110110110001010110000101110111100001011100001
1111101101111100001110101110011100000100100111101111110010010011
1111101000000101010001100011010001101110100101000111000101101010
1110101010011010011110000001111110001001111110100000001000111000
0110111000110110111001100011101110100101010010100010101000100010
1111010000001101111111010000001100101010001100101100010011101000
1110110001010100111100111011111111101111101111111011000101001110
1101110100111000011010111011111000001001011000101011101100000101
1001111110111110110101011101010111011010100110101100011111100100
0100111101000111101110000101111111111001100101101011110100010001
1100110001011110011100110010111000000110111100010101011101110011
0111010010100110110100011000111101100100110011011010001010111011
0111000000011110101010010110101000111100110001001000101001000000
0011110010101001101001010110111000010000110100011011111011001011
1110000000100111110111011011011010111011101011110010100101011111
0010010011101111000000110010000100001101000000001110010111101100
1111010000110110110110011000000000100110010101000011000111010000
1011110100101011011010111001110100101100111110111001011111011000
0111101100011011100101001100000001100100000100010100100101101111
0111111011001000010100000100001110001101011011100001100100000000
0000111010101100110001101010110101001000001011010010011011011010
0001100110110000011001010000110001001011000001000100000010001010
0110000100011100100010000000001110010000101100111011010010110000
0101011101011111011110000001110001001000110010011000010101010101
0110000111010001100010110100111101001011011101110010100101111110
0101001110001111000110100010010111100100000001000011010001110001
0011011010110110101011001110101000100001100010110010100101100001
0111110111100101011001000000001101000000110011001110100000001110
1011010110010010100101110111001011010011001100110011011110110101
1100110100011101011111100100001101000100100011110101010010000100
1110000001101011010011101000001010000010100001110001110110110010
1100100110011001000101101001000001000111000100010100110011010000
0010101000101101001110100000101110111111001010110000011101011011
1001101001000010110000101110101100000010011000010000100011011100
0111001100010011000011101001011001101001000101011010011010001010
0010010110011001010110111000111100110101011001100011011000111011
0010000010000101000010011111010110110110101110111010101111000101
0111001011100100110110000011011111110011101011110110000100111111
1110001001110110000010011101010110000010011001011000011010100001
0011011001101100001101010100000011010001010101001100111111111001
0110100110111101010010111111000111110101001110010100101100101100
1110001110000001100101100110000101011011001110001011111001100001
1011111101100001111111100111110111001000111001101001011110100011
1110101001110011000110110110010110000101001001011000000010000000
1101001011010101111010111100101100100000011011000011111010011001
1110011001111011000110101111101101100101111000101011100000100100
0110001010000001110011100110011001001001100001110000111111101010
0010000110110011101111111100000111000101101011001110111100011110
1000010101010010110110110000010011101011110010101010000011110100
1001000010010001011001000001100011011111001010110011101111000100
1111001111111001101100101100111111101111101010111111110101000001
1101110100011100110000110001010110000011111010100011110010110010
0110100110010110111101110111001011111110100100110001111101011000
0001001010010001000101100100010100111010111001101101011001011010
0000001001101000001110101100001000100011001100010000010010000111
1010100110011110111000110100010011100111101111001110111101100101
1000000101110111001011010000000010011111010000111111001011000011
1010010101000000011010011000110001100000111101110110000001110110
0000110000111001111010110000001011001011111100110010000101001010
1100001011101101100111100000001100000111111010000010101100011110
0110100100011100010100110100010100000000100101010000001011110110
1101110110101101111000001001110000011100111010001110010100101101
0010111110011111100010101010110001001000100111111111000111101001
1101010111011111110111110001111101110110111000010101010100110001
0011011100001011011000110001111100010111100111100101001110000001
0111110000111001011100110100010111011001011010100010100100001001
1010110110000111110101100001011111010011100101011101110110010001
0100100100101110000101010101100101111101110000111101011110010110
1110100000010100101000010101001111110111011001010011010110000111
0111000010111000101010110110100110110011001110010101100100010101
1111101001011000000101101100110110110010001010001111011011100100
1000101001000101000111010001100110100101011001000010000010000000
1111110101111111101100101111011000000010000110000100011110101110
0000100011011011100001100010000010111101001011110111111111001111
0111010011110101010000101111011110000000101000011011110011011110
1100000011011011101111111111111110110001111110110001000010111110
1010100010000110100000111100010000100011110001000100001000101101
1001011000011100001100010011001000100100110100000111101101110000
0001101111111010101111110111100011001001101110111111000101000010
1010000000010010001101011000000100010000000101010010011100000101
0011010001000001000010011110110011111111101010100110011100100000
1011011001001111010001010101101000101100001101101001100000100000
0100111010100101001010110101001111101111111001011011011011001100
1011111011100101010010000010010001000001001110001010001011011011
0001100010100011111010101011000111011001010101100000110010100010
0000000100101011110000111010001110010101101010000110011011000100
1000000100100010111101000101101100000001001100111000110000011010
1000011001101110110010000110000010101101000001011011110001111010
1101110111101000110110111000001011101100100110100111011101101111
1000010100011001100110011111000100001001000111000000101000111000
0100110000010111110001100000000110100000101001101101110100000111
1010010010000100100100100101111011110011000110110110110000001100
1000001000000000011101000110010001110001110010100000101110010110
1101101110001001011111011110000011000100111100011110101111011000
1100000011100010111001111010000111111011100010111111111100110101
0010111100101001100000110111111001100111111101111100101111000101
0000011011110111111110101010111101001111101011010100101011011110
0110100111001011100001101000001010111111100001001111111010110111
0111101011101101101111000011110000000100000011001010111110000011
0101010111010010000000110000111011011100011010100110100101100111
1110110100010110000111001001101111100010101100111000000010011010
0110101010011010011000111000010101011010100011001110111101110001
1010111111001101100111111100111101110010001101000010000010101011
1000010111110101011001000100001100001010000000000111101001100111
0101110111011011111001000100000101101010000110101001011011011111
1100011011011000011110011001111010001000010111001111001111000000
0001011000010100001101010010001000001101011111101110010110101101
0000000011100100011010110111111100111110010011111000100111110111
0000000101101101110111100001001010101000110011110000010011000011
0101001111101011000101000110001101011010010010101111011001001111
0011100100000100110100110101111100110110000000010000000101011001
