1101011011111111010110011111110000010001001101101000101011001100
1110101010011010011110000001111110001001111110100000001000111000
0110111000110110111001100011101110100101010010100010101000100010
1111010000001101111111010000001100101010001100101100010011101000
0111101101111010010100111001110000111100110110101000011101001000
0111010010100110110100011000111101100100110011011010001010111011
1110000000100111110111011011011010111011101011110010100101011111
0001001010011100111110111101000111111000000110011010111100100101
1111010000110110110110011000000000100110010101000011000111010000
0111101100011011100101001100000001100100000100010100100101101111
0110000100011100100010000000001110010000101100111011010010110000
0011011010110110101011001110101000100001100010110010100101100001
1100010000001111110101110001010111100101100000011100010101011011
0111001011100100110110000011011111110011101011110110000100111111
1110001110000001100101100110000101011011001110001011111001100001
1010010110100111010110011010101001000000000001001001101011100010
0000001001101000001110101100001000100011001100010000010010000111
1110010011010100010011010000100011110111101110010000110100101101
1100011100010110011110000110101000101010101000000001011011100110
0000100011011011100001100010000010111101001011110111111111001111
0000100001110011101000100100000001110111111010010110010011000001
0001111100011010101000111001100010100001110101011101011110001011
1000000011001110000011011100001010010110100111111111100110010010
0010110101001110010101010100000110001111010110000011010111011001
1010101001110001101111110011011101010110010000011000110010110111
0100111001000010011000110111110001010011011010101010101100100100
1011010010110110000111100110000010011111011110010011010110101001
1000001111101000011000000100010000010010010000100101000011010111
0100000111111010110000011000000010111111101011010010011001000100
0010110011010000000110010111111100101101100100001010100110100001
1011110011011111001010000110000111101101111101111001111100111111
1110101010101001011011011101000010001001111110110000101101010010
1010010111101100000100111110001011100011001001100001100001111010
1010000101100000001001000000001010110010100001101000011000110001
1000000100001001010100011001000010001001000010100010010001001000
