10101010001110011110001111001101110000000101001001011000100000100000
11010110111111110101100111111100000100010011011010001010110011000000
11111001000111110110101011111011001110111001000110110000100001010000
00011110010101000100110100110110111101101000100011010001011111100000
10100010000100100111101101100010101100001011101111000010111000010000
11111011011111000011101011100111000001001001111011111100100100110000
11101010100110100111100000011111100010011111101000000010001110000000
11110100000011011111110100000011001010100011001011000100111010000000
01101110001101101110011000111011101001010100101000101010001000100000
00111001100011101010100001111001110111011010001101100010000001100000
11101100010101001111001110111111111011111011111110110001010011100000
11011101001110000110101110111110000010010110001010111011000001010000
10011111101111101101010111010101110110101001101011000111111001000000
01001111010001111011100001011111111110011001011010111101000100010000
11010101100100111000011101011011100010100111101101011100111000010000
11001100010111100111001100101110000001101111000101010111011100110000
01110100101001101101000110001111011001001100110110100010101110110000
01110000000111101010100101101010001111001100010010001010010000000000
10101010001110011110001111001101110000000101001001011000100000100001
11010110111111110101100111111100000100010011011010001010110011000001
11111001000111110110101011111011001110111001000110110000100001010001
00011110010101000100110100110110111101101000100011010001011111100001
10100010000100100111101101100010101100001011101111000010111000010001
11111011011111000011101011100111000001001001111011111100100100110001
11101010100110100111100000011111100010011111101000000010001110000001
11110100000011011111110100000011001010100011001011000100111010000001
01101110001101101110011000111011101001010100101000101010001000100001
00111001100011101010100001111001110111011010001101100010000001100001
11101100010101001111001110111111111011111011111110110001010011100001
11011101001110000110101110111110000010010110001010111011000001010001
10011111101111101101010111010101110110101001101011000111111001000001
01001111010001111011100001011111111110011001011010111101000100010001
11010101100100111000011101011011100010100111101101011100111000010001
11001100010111100111001100101110000001101111000101010111011100110001
01110100101001101101000110001111011001001100110110100010101110110001
01110000000111101010100101101010001111001100010010001010010000000001
10101010001110011110001111001101110000000101001001011000100000100010
11010110111111110101100111111100000100010011011010001010110011000010
11111001000111110110101011111011001110111001000110110000100001010010
00011110010101000100110100110110111101101000100011010001011111100010
10100010000100100111101101100010101100001011101111000010111000010010
11111011011111000011101011100111000001001001111011111100100100110010
11111010000001010100011000110100011011101001010001110001011010100010
11101010100110100111100000011111100010011111101000000010001110000010
01101110001101101110011000111011101001010100101000101010001000100010
11110100000011011111110100000011001010100011001011000100111010000010
10011111101111101101010111010101110110101001101011000111111001000010
01111011011110100101001110011100001111001101101010000111010010000010
00111001100011101010100001111001110111011010001101100010000001100010
11101100010101001111001110111111111011111011111110110001010011100010
11011101001110000110101110111110000010010110001010111011000001010010
11010101100100111000011101011011100010100111101101011100111000010010
01110000000111101010100101101010001111001100010010001010010000000010
11001100010111100111001100101110000001101111000101010111011100110010
01110100101001101101000110001111011001001100110110100010101110110010
10101010001110011110001111001101110000000101001001011000100000100011
11010110111111110101100111111100000100010011011010001010110011000011
11111001000111110110101011111011001110111001000110110000100001010011
00011110010101000100110100110110111101101000100011010001011111100011
10100010000100100111101101100010101100001011101111000010111000010011
11111011011111000011101011100111000001001001111011111100100100110011
11111010000001010100011000110100011011101001010001110001011010100011
11101010100110100111100000011111100010011111101000000010001110000011
01101110001101101110011000111011101001010100101000101010001000100011
11110100000011011111110100000011001010100011001011000100111010000011
10011111101111101101010111010101110110101001101011000111111001000011
01111011011110100101001110011100001111001101101010000111010010000011
00111001100011101010100001111001110111011010001101100010000001100011
11101100010101001111001110111111111011111011111110110001010011100011
11011101001110000110101110111110000010010110001010111011000001010011
11010101100100111000011101011011100010100111101101011100111000010011
01110000000111101010100101101010001111001100010010001010010000000011
11001100010111100111001100101110000001101111000101010111011100110011
01110100101001101101000110001111011001001100110110100010101110110011
10101010001110011110001111001101110000000101001001011000100000100100
11010110111111110101100111111100000100010011011010001010110011000100
11111001000111110110101011111011001110111001000110110000100001010100
00011110010101000100110100110110111101101000100011010001011111100100
10100010000100100111101101100010101100001011101111000010111000010100
11111011011111000011101011100111000001001001111011111100100100110100
01101110001101101110011000111011101001010100101000101010001000100100
11111010000001010100011000110100011011101001010001110001011010100100
00111001100011101010100001111001110111011010001101100010000001100100
01111011011110100101001110011100001111001101101010000111010010000100
01001111010001111011100001011111111110011001011010111101000100010100
11110100000011011111110100000011001010100011001011000100111010000100
10011111101111101101010111010101110110101001101011000111111001000100
11001100010111100111001100101110000001101111000101010111011100110100
01110100101001101101000110001111011001001100110110100010101110110100
01110000000111101010100101101010001111001100010010001010010000000100
10101010001110011110001111001101110000000101001001011000100000100101
11010110111111110101100111111100000100010011011010001010110011000101
11111001000111110110101011111011001110111001000110110000100001010101
00011110010101000100110100110110111101101000100011010001011111100101
10100010000100100111101101100010101100001011101111000010111000010101
11111011011111000011101011100111000001001001111011111100100100110101
11111010000001010100011000110100011011101001010001110001011010100101
11101010100110100111100000011111100010011111101000000010001110000101
01101110001101101110011000111011101001010100101000101010001000100101
00111001100011101010100001111001110111011010001101100010000001100101
10011111101111101101010111010101110110101001101011000111111001000101
01111011011110100101001110011100001111001101101010000111010010000101
01001111010001111011100001011111111110011001011010111101000100010101
11001100010111100111001100101110000001101111000101010111011100110101
11110100000011011111110100000011001010100011001011000100111010000101
11101100010101001111001110111111111011111011111110110001010011100101
01110100101001101101000110001111011001001100110110100010101110110101
01110000000111101010100101101010001111001100010010001010010000000101
11011101001110000110101110111110000010010110001010111011000001010101
10101010001110011110001111001101110000000101001001011000100000100110
11010110111111110101100111111100000100010011011010001010110011000110
11111001000111110110101011111011001110111001000110110000100001010110
00011110010101000100110100110110111101101000100011010001011111100110
10100010000100100111101101100010101100001011101111000010111000010110
11111011011111000011101011100111000001001001111011111100100100110110
11111010000001010100011000110100011011101001010001110001011010100110
11110100000011011111110100000011001010100011001011000100111010000110
00111001100011101010100001111001110111011010001101100010000001100110
11101100010101001111001110111111111011111011111110110001010011100110
10011111101111101101010111010101110110101001101011000111111001000110
11001100010111100111001100101110000001101111000101010111011100110110
11101010100110100111100000011111100010011111101000000010001110000110
01111011011110100101001110011100001111001101101010000111010010000110
01001111010001111011100001011111111110011001011010111101000100010110
01110000000111101010100101101010001111001100010010001010010000000110
01110100101001101101000110001111011001001100110110100010101110110110
10101010001110011110001111001101110000000101001001011000100000100111
11010110111111110101100111111100000100010011011010001010110011000111
11111001000111110110101011111011001110111001000110110000100001010111
00011110010101000100110100110110111101101000100011010001011111100111
10100010000100100111101101100010101100001011101111000010111000010111
11111010000001010100011000110100011011101001010001110001011010100111
01101110001101101110011000111011101001010100101000101010001000100111
11111011011111000011101011100111000001001001111011111100100100110111
11101010100110100111100000011111100010011111101000000010001110000111
11110100000011011111110100000011001010100011001011000100111010000111
01111011011110100101001110011100001111001101101010000111010010000111
01110100101001101101000110001111011001001100110110100010101110110111
00111001100011101010100001111001110111011010001101100010000001100111
01110000000111101010100101101010001111001100010010001010010000000111
10101010001110011110001111001101110000000101001001011000100000101000
11010110111111110101100111111100000100010011011010001010110011001000
11111001000111110110101011111011001110111001000110110000100001011000
00011110010101000100110100110110111101101000100011010001011111101000
10100010000100100111101101100010101100001011101111000010111000011000
11101010100110100111100000011111100010011111101000000010001110001000
01101110001101101110011000111011101001010100101000101010001000101000
11111011011111000011101011100111000001001001111011111100100100111000
11111010000001010100011000110100011011101001010001110001011010101000
11110100000011011111110100000011001010100011001011000100111010001000
01111011011110100101001110011100001111001101101010000111010010001000
01001111010001111011100001011111111110011001011010111101000100011000
00111001100011101010100001111001110111011010001101100010000001101000
11001100010111100111001100101110000001101111000101010111011100111000
01110000000111101010100101101010001111001100010010001010010000001000
10101010001110011110001111001101110000000101001001011000100000101001
11010110111111110101100111111100000100010011011010001010110011001001
11111001000111110110101011111011001110111001000110110000100001011001
00011110010101000100110100110110111101101000100011010001011111101001
10100010000100100111101101100010101100001011101111000010111000011001
11101010100110100111100000011111100010011111101000000010001110001001
01101110001101101110011000111011101001010100101000101010001000101001
11111011011111000011101011100111000001001001111011111100100100111001
11111010000001010100011000110100011011101001010001110001011010101001
11110100000011011111110100000011001010100011001011000100111010001001
01111011011110100101001110011100001111001101101010000111010010001001
00111001100011101010100001111001110111011010001101100010000001101001
01001111010001111011100001011111111110011001011010111101000100011001
11001100010111100111001100101110000001101111000101010111011100111001
01110000000111101010100101101010001111001100010010001010010000001001
101010100011100111100011110011011100000001010010010110001000001010010
110101101111111101011001111111000001000100110110100010101100110010010
111110010001111101101010111110110011101110010001101100001000010110010
000111100101010001001101001101101111011010001000110100010111111010010
111110100000010101000110001101000110111010010100011100010110101010010
011011100011011011100110001110111010010101001010001010100010001010010
001110011000111010101000011110011101110110100011011000100000011010010
111011000101010011110011101111111110111110111111101100010100111010010
111010101001101001111000000111111000100111111010000000100011100010010
100111111011111011010101110101011101101010011010110001111110010010010
011110110111101001010011100111000011110011011010100001110100100010010
101000100001001001111011011000101011000010111011110000101110000110010
010011110100011110111000010111111111100110010110101111010001000110010
011100000001111010101001011010100011110011000100100010100100000010010
111110110111110000111010111001110000010010011110111111001001001110010
111101000000110111111101000000110010101000110010110001001110100010010
110011000101111001110011001011100000011011110001010101110111001110010
101010100011100111100011110011011100000001010010010110001000001011011
110101101111111101011001111111000001000100110110100010101100110011011
111110010001111101101010111110110011101110010001101100001000010111011
000111100101010001001101001101101111011010001000110100010111111011011
101000100001001001111011011000101011000010111011110000101110000111011
111110110111110000111010111001110000010010011110111111001001001111011
111110100000010101000110001101000110111010010100011100010110101011011
111010101001101001111000000111111000100111111010000000100011100011011
110011000101111001110011001011100000011011110001010101110111001111011
110111010011100001101011101111100000100101100010101110110000010111011
011011100011011011100110001110111010010101001010001010100010001011011
001110011000111010101000011110011101110110100011011000100000011011011
011110110111101001010011100111000011110011011010100001110100100011011
010011110100011110111000010111111111100110010110101111010001000111011
111101000000110111111101000000110010101000110010110001001110100011011
100111111011111011010101110101011101101010011010110001111110010011011
011101001010011011010001100011110110010011001101101000101011101111011
011100000001111010101001011010100011110011000100100010100100000011011
101010100011100111100011110011011100000001010010010110001000001010011
110101101111111101011001111111000001000100110110100010101100110010011
111110010001111101101010111110110011101110010001101100001000010110011
000111100101010001001101001101101111011010001000110100010111111010011
101000100001001001111011011000101011000010111011110000101110000110011
111110110111110000111010111001110000010010011110111111001001001110011
111110100000010101000110001101000110111010010100011100010110101010011
011011100011011011100110001110111010010101001010001010100010001010011
111010101001101001111000000111111000100111111010000000100011100010011
111101000000110111111101000000110010101000110010110001001110100010011
111011000101010011110011101111111110111110111111101100010100111010011
011110110111101001010011100111000011110011011010100001110100100010011
001110011000111010101000011110011101110110100011011000100000011010011
100111111011111011010101110101011101101010011010110001111110010010011
010011110100011110111000010111111111100110010110101111010001000110011
011100000001111010101001011010100011110011000100100010100100000010011
110011000101111001110011001011100000011011110001010101110111001110011
101010100011100111100011110011011100000001010010010110001000001010100
110101101111111101011001111111000001000100110110100010101100110010100
111110010001111101101010111110110011101110010001101100001000010110100
000111100101010001001101001101101111011010001000110100010111111010100
101000100001001001111011011000101011000010111011110000101110000110100
111110110111110000111010111001110000010010011110111111001001001110100
111110100000010101000110001101000110111010010100011100010110101010100
110011000101111001110011001011100000011011110001010101110111001110100
110111010011100001101011101111100000100101100010101110110000010110100
011110110111101001010011100111000011110011011010100001110100100010100
111101000000110111111101000000110010101000110010110001001110100010100
011101001010011011010001100011110110010011001101101000101011101110100
100111111011111011010101110101011101101010011010110001111110010010100
011100000001111010101001011010100011110011000100100010100100000010100
101010100011100111100011110011011100000001010010010110001000001010110
110101101111111101011001111111000001000100110110100010101100110010110
111110010001111101101010111110110011101110010001101100001000010110110
000111100101010001001101001101101111011010001000110100010111111010110
101000100001001001111011011000101011000010111011110000101110000110110
011011100011011011100110001110111010010101001010001010100010001010110
111110110111110000111010111001110000010010011110111111001001001110110
111110100000010101000110001101000110111010010100011100010110101010110
111101000000110111111101000000110010101000110010110001001110100010110
011110110111101001010011100111000011110011011010100001110100100010110
110011000101111001110011001011100000011011110001010101110111001110110
011100000001111010101001011010100011110011000100100010100100000010110
101010100011100111100011110011011100000001010010010110001000001010111
110101101111111101011001111111000001000100110110100010101100110010111
111110010001111101101010111110110011101110010001101100001000010110111
000111100101010001001101001101101111011010001000110100010111111010111
101000100001001001111011011000101011000010111011110000101110000110111
011011100011011011100110001110111010010101001010001010100010001010111
111110110111110000111010111001110000010010011110111111001001001110111
111110100000010101000110001101000110111010010100011100010110101010111
111010101001101001111000000111111000100111111010000000100011100010111
111101000000110111111101000000110010101000110010110001001110100010111
011110110111101001010011100111000011110011011010100001110100100010111
001110011000111010101000011110011101110110100011011000100000011010111
110011000101111001110011001011100000011011110001010101110111001110111
011100000001111010101001011010100011110011000100100010100100000010111
101010100011100111100011110011011100000001010010010110001000001011000
110101101111111101011001111111000001000100110110100010101100110011000
111110010001111101101010111110110011101110010001101100001000010111000
000111100101010001001101001101101111011010001000110100010111111011000
101000100001001001111011011000101011000010111011110000101110000111000
111110110111110000111010111001110000010010011110111111001001001111000
111110100000010101000110001101000110111010010100011100010110101011000
111010101001101001111000000111111000100111111010000000100011100011000
011011100011011011100110001110111010010101001010001010100010001011000
111101000000110111111101000000110010101000110010110001001110100011000
011110110111101001010011100111000011110011011010100001110100100011000
010011110100011110111000010111111111100110010110101111010001000111000
001110011000111010101000011110011101110110100011011000100000011011000
100111111011111011010101110101011101101010011010110001111110010011000
110011000101111001110011001011100000011011110001010101110111001111000
110101011001001110000111010110111000101001111011010111001110000111000
011100000001111010101001011010100011110011000100100010100100000011000
110111010011100001101011101111100000100101100010101110110000010111000
101010100011100111100011110011011100000001010010010110001000001011001
110101101111111101011001111111000001000100110110100010101100110011001
111110010001111101101010111110110011101110010001101100001000010111001
000111100101010001001101001101101111011010001000110100010111111011001
101000100001001001111011011000101011000010111011110000101110000111001
111110110111110000111010111001110000010010011110111111001001001111001
111110100000010101000110001101000110111010010100011100010110101011001
111010101001101001111000000111111000100111111010000000100011100011001
011011100011011011100110001110111010010101001010001010100010001011001
111101000000110111111101000000110010101000110010110001001110100011001
011110110111101001010011100111000011110011011010100001110100100011001
010011110100011110111000010111111111100110010110101111010001000111001
001110011000111010101000011110011101110110100011011000100000011011001
100111111011111011010101110101011101101010011010110001111110010011001
110011000101111001110011001011100000011011110001010101110111001111001
110101011001001110000111010110111000101001111011010111001110000111001
011100000001111010101001011010100011110011000100100010100100000011001
110111010011100001101011101111100000100101100010101110110000010111001
101010100011100111100011110011011100000001010010010110001000001010000
110101101111111101011001111111000001000100110110100010101100110010000
111110010001111101101010111110110011101110010001101100001000010110000
000111100101010001001101001101101111011010001000110100010111111010000
101000100001001001111011011000101011000010111011110000101110000110000
111110100000010101000110001101000110111010010100011100010110101010000
111010101001101001111000000111111000100111111010000000100011100010000
011011100011011011100110001110111010010101001010001010100010001010000
001110011000111010101000011110011101110110100011011000100000011010000
110111010011100001101011101111100000100101100010101110110000010110000
111110110111110000111010111001110000010010011110111111001001001110000
111101000000110111111101000000110010101000110010110001001110100010000
111011000101010011110011101111111110111110111111101100010100111010000
100111111011111011010101110101011101101010011010110001111110010010000
011110110111101001010011100111000011110011011010100001110100100010000
010011110100011110111000010111111111100110010110101111010001000110000
110011000101111001110011001011100000011011110001010101110111001110000
110101011001001110000111010110111000101001111011010111001110000110000
011101001010011011010001100011110110010011001101101000101011101110000
011100000001111010101001011010100011110011000100100010100100000010000
101010100011100111100011110011011100000001010010010110001000001010001
110101101111111101011001111111000001000100110110100010101100110010001
111110010001111101101010111110110011101110010001101100001000010110001
000111100101010001001101001101101111011010001000110100010111111010001
101000100001001001111011011000101011000010111011110000101110000110001
111110110111110000111010111001110000010010011110111111001001001110001
111110100000010101000110001101000110111010010100011100010110101010001
111010101001101001111000000111111000100111111010000000100011100010001
011011100011011011100110001110111010010101001010001010100010001010001
111011000101010011110011101111111110111110111111101100010100111010001
110111010011100001101011101111100000100101100010101110110000010110001
100111111011111011010101110101011101101010011010110001111110010010001
010011110100011110111000010111111111100110010110101111010001000110001
110101011001001110000111010110111000101001111011010111001110000110001
011110110111101001010011100111000011110011011010100001110100100010001
011101001010011011010001100011110110010011001101101000101011101110001
111101000000110111111101000000110010101000110010110001001110100010001
110011000101111001110011001011100000011011110001010101110111001110001
011100000001111010101001011010100011110011000100100010100100000010001
001110011000111010101000011110011101110110100011011000100000011010001
