10101010001110011110001111001101110000000101001001011000100000100000
11010110111111110101100111111100000100010011011010001010110011000000
11111001000111110110101011111011001110111001000110110000100001010000
00011110010101000100110100110110111101101000100011010001011111100000
10100010000100100111101101100010101100001011101111000010111000010000
11111011011111000011101011100111000001001001111011111100100100110000
11101010100110100111100000011111100010011111101000000010001110000000
11110100000011011111110100000011001010100011001011000100111010000000
01101110001101101110011000111011101001010100101000101010001000100000
00111001100011101010100001111001110111011010001101100010000001100000
11101100010101001111001110111111111011111011111110110001010011100000
11011101001110000110101110111110000010010110001010111011000001010000
10011111101111101101010111010101110110101001101011000111111001000000
01001111010001111011100001011111111110011001011010111101000100010000
11010101100100111000011101011011100010100111101101011100111000010000
11100111101011011110011011010000101011010000110101010101100100100000
01111110110010000101000001000011100011010110111000011001000000000000
11000000011110011111101011011111110000110000000110110100100101100000
01110100101001101101000110001111011001001100110110100010101110110000
01110000000111101010100101101010001111001100010010001010010000000000
00111100101010011010010101101110000100001101000110111110110010110000
00100100111011110000001100100001000011010000000011100101111011000000
00011001101100000110010100001100010010110000010001000000100010100000
11110100001101101101100110000000001001100101010000110001110100000000
01010011100011110001101000100101111001000000010000110100011100010000
11100000011010110100111010000010100000101000011100011101101100100000
01000111001011111010101110100001010100111001001001000010101100110000
00010010100111001111101111010001111110000001100110101111001001010000
00110110011011000011010101000000110100010101010011001111111110010000
10101010001110011110001111001101110000000101001001011000100000100001
11010110111111110101100111111100000100010011011010001010110011000001
11111001000111110110101011111011001110111001000110110000100001010001
00011110010101000100110100110110111101101000100011010001011111100001
10100010000100100111101101100010101100001011101111000010111000010001
11111011011111000011101011100111000001001001111011111100100100110001
11101010100110100111100000011111100010011111101000000010001110000001
11110100000011011111110100000011001010100011001011000100111010000001
01101110001101101110011000111011101001010100101000101010001000100001
00111001100011101010100001111001110111011010001101100010000001100001
11101100010101001111001110111111111011111011111110110001010011100001
11011101001110000110101110111110000010010110001010111011000001010001
10011111101111101101010111010101110110101001101011000111111001000001
01001111010001111011100001011111111110011001011010111101000100010001
11010101100100111000011101011011100010100111101101011100111000010001
11100111101011011110011011010000101011010000110101010101100100100001
01111110110010000101000001000011100011010110111000011001000000000001
11000000011110011111101011011111110000110000000110110100100101100001
01110100101001101101000110001111011001001100110110100010101110110001
01110000000111101010100101101010001111001100010010001010010000000001
00111100101010011010010101101110000100001101000110111110110010110001
00100100111011110000001100100001000011010000000011100101111011000001
00011001101100000110010100001100010010110000010001000000100010100001
11110100001101101101100110000000001001100101010000110001110100000001
01010011100011110001101000100101111001000000010000110100011100010001
11100000011010110100111010000010100000101000011100011101101100100001
01000111001011111010101110100001010100111001001001000010101100110001
00010010100111001111101111010001111110000001100110101111001001010001
00110110011011000011010101000000110100010101010011001111111110010001
10101010001110011110001111001101110000000101001001011000100000100010
11010110111111110101100111111100000100010011011010001010110011000010
11111001000111110110101011111011001110111001000110110000100001010010
00011110010101000100110100110110111101101000100011010001011111100010
10100010000100100111101101100010101100001011101111000010111000010010
11111011011111000011101011100111000001001001111011111100100100110010
11111010000001010100011000110100011011101001010001110001011010100010
11101010100110100111100000011111100010011111101000000010001110000010
01101110001101101110011000111011101001010100101000101010001000100010
11110100000011011111110100000011001010100011001011000100111010000010
10011111101111101101010111010101110110101001101011000111111001000010
01111011011110100101001110011100001111001101101010000111010010000010
00111001100011101010100001111001110111011010001101100010000001100010
11101100010101001111001110111111111011111011111110110001010011100010
11011101001110000110101110111110000010010110001010111011000001010010
11010101100100111000011101011011100010100111101101011100111000010010
11100111101011011110011011010000101011010000110101010101100100100010
01110000000111101010100101101010001111001100010010001010010000000010
00111100101010011010010101101110000100001101000110111110110010110010
00010010100111001111101111010001111110000001100110101111001001010010
10111101001010110110101110011101001011001111101110010111110110000010
01111011000110111001010011000000011001000001000101001001011011110010
11001100010111100111001100101110000001101111000101010111011100110010
11110100001101101101100110000000001001100101010000110001110100000010
01111110110010000101000001000011100011010110111000011001000000000010
01100001000111001000100000000011100100001011001110110100101100000010
00110110011011000011010101000000110100010101010011001111111110010010
11100011100000011001011001100001010110110011100010111110011000010010
10101010001110011110001111001101110000000101001001011000100000100011
11010110111111110101100111111100000100010011011010001010110011000011
11111001000111110110101011111011001110111001000110110000100001010011
00011110010101000100110100110110111101101000100011010001011111100011
10100010000100100111101101100010101100001011101111000010111000010011
11111011011111000011101011100111000001001001111011111100100100110011
11111010000001010100011000110100011011101001010001110001011010100011
11101010100110100111100000011111100010011111101000000010001110000011
01101110001101101110011000111011101001010100101000101010001000100011
11110100000011011111110100000011001010100011001011000100111010000011
10011111101111101101010111010101110110101001101011000111111001000011
01111011011110100101001110011100001111001101101010000111010010000011
00111001100011101010100001111001110111011010001101100010000001100011
11101100010101001111001110111111111011111011111110110001010011100011
11011101001110000110101110111110000010010110001010111011000001010011
11010101100100111000011101011011100010100111101101011100111000010011
11100111101011011110011011010000101011010000110101010101100100100011
01110000000111101010100101101010001111001100010010001010010000000011
00111100101010011010010101101110000100001101000110111110110010110011
00010010100111001111101111010001111110000001100110101111001001010011
10111101001010110110101110011101001011001111101110010111110110000011
01111011000110111001010011000000011001000001000101001001011011110011
11001100010111100111001100101110000001101111000101010111011100110011
11110100001101101101100110000000001001100101010000110001110100000011
01111110110010000101000001000011100011010110111000011001000000000011
01100001000111001000100000000011100100001011001110110100101100000011
00110110011011000011010101000000110100010101010011001111111110010011
11100011100000011001011001100001010110110011100010111110011000010011
10101010001110011110001111001101110000000101001001011000100000100100
11010110111111110101100111111100000100010011011010001010110011000100
11111001000111110110101011111011001110111001000110110000100001010100
00011110010101000100110100110110111101101000100011010001011111100100
10100010000100100111101101100010101100001011101111000010111000010100
11111011011111000011101011100111000001001001111011111100100100110100
01101110001101101110011000111011101001010100101000101010001000100100
11111010000001010100011000110100011011101001010001110001011010100100
00111001100011101010100001111001110111011010001101100010000001100100
01111011011110100101001110011100001111001101101010000111010010000100
01001111010001111011100001011111111110011001011010111101000100010100
11110100000011011111110100000011001010100011001011000100111010000100
10011111101111101101010111010101110110101001101011000111111001000100
11001100010111100111001100101110000001101111000101010111011100110100
00100100111011110000001100100001000011010000000011100101111011000100
01111011000110111001010011000000011001000001000101001001011011110100
01100001000111001000100000000011100100001011001110110100101100000100
11100000011010110100111010000010100000101000011100011101101100100100
01111101111001010110010000000011010000001100110011101000000011100100
00110110011011000011010101000000110100010101010011001111111110010100
10101010001110011110001111001101110000000101001001011000100000100101
11010110111111110101100111111100000100010011011010001010110011000101
11111001000111110110101011111011001110111001000110110000100001010101
00011110010101000100110100110110111101101000100011010001011111100101
10100010000100100111101101100010101100001011101111000010111000010101
11111011011111000011101011100111000001001001111011111100100100110101
11111010000001010100011000110100011011101001010001110001011010100101
11101010100110100111100000011111100010011111101000000010001110000101
01101110001101101110011000111011101001010100101000101010001000100101
00111001100011101010100001111001110111011010001101100010000001100101
10011111101111101101010111010101110110101001101011000111111001000101
01111011011110100101001110011100001111001101101010000111010010000101
01001111010001111011100001011111111110011001011010111101000100010101
11001100010111100111001100101110000001101111000101010111011100110101
00111100101010011010010101101110000100001101000110111110110010110101
00010010100111001111101111010001111110000001100110101111001001010101
11110100000011011111110100000011001010100011001011000100111010000101
11101100010101001111001110111111111011111011111110110001010011100101
01110100101001101101000110001111011001001100110110100010101110110101
11110100001101101101100110000000001001100101010000110001110100000101
11100111101011011110011011010000101011010000110101010101100100100101
00001110101011001100011010101101010010000010110100100110110110100101
00011001101100000110010100001100010010110000010001000000100010100101
11000000011110011111101011011111110000110000000110110100100101100101
01010111010111110111100000011100010010001100100110000101010101010101
01110000000111101010100101101010001111001100010010001010010000000101
00100100111011110000001100100001000011010000000011100101111011000101
00110110101101101010110011101010001000011000101100101001011000010101
01111101111001010110010000000011010000001100110011101000000011100101
11100000011010110100111010000010100000101000011100011101101100100101
10111101110111100000001000101011110000010010001110101110011011100101
11100011100000011001011001100001010110110011100010111110011000010101
10000101010100101101101100000100111010111100101010100000111101000101
01111110110010000101000001000011100011010110111000011001000000000101
01100001110100011000101101001111010010110111011100101001011111100101
01101001101111010100101111110001111101010011100101001011001011000101
11110001000101001011101011101010001001111010000101110001100010100101
10101100111100111011101101100010010010111001010011100111010110000101
00000010011010000011101011000010001000110011000100000100100001110101
00001100001110011110101100000010110010111111001100100001010010100101
00101101010011100101010101000001100011110101100000110101110110010101
11010101100100111000011101011011100010100111101101011100111000010101
10101010001110011110001111001101110000000101001001011000100000100110
11010110111111110101100111111100000100010011011010001010110011000110
11111001000111110110101011111011001110111001000110110000100001010110
00011110010101000100110100110110111101101000100011010001011111100110
10100010000100100111101101100010101100001011101111000010111000010110
11111011011111000011101011100111000001001001111011111100100100110110
11111010000001010100011000110100011011101001010001110001011010100110
11110100000011011111110100000011001010100011001011000100111010000110
00111001100011101010100001111001110111011010001101100010000001100110
11101100010101001111001110111111111011111011111110110001010011100110
10011111101111101101010111010101110110101001101011000111111001000110
11001100010111100111001100101110000001101111000101010111011100110110
11100000001001111101110110110110101110111010111100101001010111110110
00010010100111001111101111010001111110000001100110101111001001010110
11101010100110100111100000011111100010011111101000000010001110000110
01111011011110100101001110011100001111001101101010000111010010000110
01001111010001111011100001011111111110011001011010111101000100010110
01110000000111101010100101101010001111001100010010001010010000000110
00100100111011110000001100100001000011010000000011100101111011000110
11110100001101101101100110000000001001100101010000110001110100000110
01111011000110111001010011000000011001000001000101001001011011110110
01010011100011110001101000100101111001000000010000110100011100010110
11100000011010110100111010000010100000101000011100011101101100100110
11100011100000011001011001100001010110110011100010111110011000010110
00110110011011000011010101000000110100010101010011001111111110010110
10101100111100111011101101100010010010111001010011100111010110000110
10000001011101110010110100000000100111110100001111110010110000110110
10101010001110011110001111001101110000000101001001011000100000100111
11010110111111110101100111111100000100010011011010001010110011000111
11111001000111110110101011111011001110111001000110110000100001010111
00011110010101000100110100110110111101101000100011010001011111100111
10100010000100100111101101100010101100001011101111000010111000010111
11111010000001010100011000110100011011101001010001110001011010100111
01101110001101101110011000111011101001010100101000101010001000100111
11111011011111000011101011100111000001001001111011111100100100110111
11101010100110100111100000011111100010011111101000000010001110000111
11110100000011011111110100000011001010100011001011000100111010000111
01111011011110100101001110011100001111001101101010000111010010000111
01110100101001101101000110001111011001001100110110100010101110110111
00100100111011110000001100100001000011010000000011100101111011000111
11110100001101101101100110000000001001100101010000110001110100000111
01111011000110111001010011000000011001000001000101001001011011110111
01111110110010000101000001000011100011010110111000011001000000000111
01111101111001010110010000000011010000001100110011101000000011100111
00110110011011000011010101000000110100010101010011001111111110010111
11101100010101001111001110111111111011111011111110110001010011100111
01001111010001111011100001011111111110011001011010111101000100010111
10101010001110011110001111001101110000000101001001011000100000101000
11010110111111110101100111111100000100010011011010001010110011001000
11111001000111110110101011111011001110111001000110110000100001011000
00011110010101000100110100110110111101101000100011010001011111101000
10100010000100100111101101100010101100001011101111000010111000011000
11101010100110100111100000011111100010011111101000000010001110001000
01101110001101101110011000111011101001010100101000101010001000101000
11111011011111000011101011100111000001001001111011111100100100111000
11111010000001010100011000110100011011101001010001110001011010101000
11110100000011011111110100000011001010100011001011000100111010001000
01111011011110100101001110011100001111001101101010000111010010001000
01001111010001111011100001011111111110011001011010111101000100011000
00111001100011101010100001111001110111011010001101100010000001101000
11001100010111100111001100101110000001101111000101010111011100111000
00100100111011110000001100100001000011010000000011100101111011001000
11110100001101101101100110000000001001100101010000110001110100001000
01111011000110111001010011000000011001000001000101001001011011111000
01111110110010000101000001000011100011010110111000011001000000001000
00110110011011000011010101000000110100010101010011001111111110011000
11101100010101001111001110111111111011111011111110110001010011101000
10101010001110011110001111001101110000000101001001011000100000101001
11010110111111110101100111111100000100010011011010001010110011001001
11111001000111110110101011111011001110111001000110110000100001011001
00011110010101000100110100110110111101101000100011010001011111101001
10100010000100100111101101100010101100001011101111000010111000011001
11101010100110100111100000011111100010011111101000000010001110001001
01101110001101101110011000111011101001010100101000101010001000101001
11111011011111000011101011100111000001001001111011111100100100111001
11111010000001010100011000110100011011101001010001110001011010101001
11110100000011011111110100000011001010100011001011000100111010001001
01111011011110100101001110011100001111001101101010000111010010001001
00111001100011101010100001111001110111011010001101100010000001101001
01001111010001111011100001011111111110011001011010111101000100011001
11001100010111100111001100101110000001101111000101010111011100111001
00100100111011110000001100100001000011010000000011100101111011001001
11110100001101101101100110000000001001100101010000110001110100001001
01111011000110111001010011000000011001000001000101001001011011111001
01111110110010000101000001000011100011010110111000011001000000001001
00110110011011000011010101000000110100010101010011001111111110011001
11101100010101001111001110111111111011111011111110110001010011101001
101010100011100111100011110011011100000001010010010110001000001010010
110101101111111101011001111111000001000100110110100010101100110010010
111110010001111101101010111110110011101110010001101100001000010110010
000111100101010001001101001101101111011010001000110100010111111010010
111110100000010101000110001101000110111010010100011100010110101010010
011011100011011011100110001110111010010101001010001010100010001010010
001110011000111010101000011110011101110110100011011000100000011010010
111011000101010011110011101111111110111110111111101100010100111010010
111010101001101001111000000111111000100111111010000000100011100010010
100111111011111011010101110101011101101010011010110001111110010010010
011110110111101001010011100111000011110011011010100001110100100010010
101000100001001001111011011000101011000010111011110000101110000110010
010011110100011110111000010111111111100110010110101111010001000110010
011100000001111010101001011010100011110011000100100010100100000010010
001001001110111100000011001000010000110100000000111001011110110010010
111110110111110000111010111001110000010010011110111111001001001110010
111101000000110111111101000000110010101000110010110001001110100010010
011111101100100001010000010000111000110101101110000110010000000010010
011000010001110010001000000000111001000010110011101101001011000010010
010100111000111100011010001001011110010000000100001101000111000110010
011111011110010101100100000000110100000011001100111010000000111010010
001000011011001110111111110000011100010110101100111011110001111010010
011110110001101110010100110000000110010000010001010010010110111110010
101010100011100111100011110011011100000001010010010110001000001011011
110101101111111101011001111111000001000100110110100010101100110011011
111110010001111101101010111110110011101110010001101100001000010111011
000111100101010001001101001101101111011010001000110100010111111011011
101000100001001001111011011000101011000010111011110000101110000111011
111110110111110000111010111001110000010010011110111111001001001111011
111110100000010101000110001101000110111010010100011100010110101011011
111010101001101001111000000111111000100111111010000000100011100011011
110011000101111001110011001011100000011011110001010101110111001111011
110111010011100001101011101111100000100101100010101110110000010111011
011011100011011011100110001110111010010101001010001010100010001011011
001110011000111010101000011110011101110110100011011000100000011011011
011110110111101001010011100111000011110011011010100001110100100011011
010011110100011110111000010111111111100110010110101111010001000111011
111101000000110111111101000000110010101000110010110001001110100011011
100111111011111011010101110101011101101010011010110001111110010011011
011101001010011011010001100011110110010011001101101000101011101111011
011100000001111010101001011010100011110011000100100010100100000011011
001111001010100110100101011011100001000011010001101111101100101111011
001001001110111100000011001000010000110100000000111001011110110011011
001101101011011010101100111010100010000110001011001010010110000111011
011111011110010101100100000000110100000011001100111010000000111011011
111000000110101101001110100000101000001010000111000111011011001011011
101111011101111000000010001010111100000100100011101011100110111011011
111000111000000110010110011000010101101100111000101111100110000111011
011111101100100001010000010000111000110101101110000110010000000011011
010011000001011111000110000000011010000010100110110111010000011111011
101010100011100111100011110011011100000001010010010110001000001010011
110101101111111101011001111111000001000100110110100010101100110010011
111110010001111101101010111110110011101110010001101100001000010110011
000111100101010001001101001101101111011010001000110100010111111010011
101000100001001001111011011000101011000010111011110000101110000110011
111110110111110000111010111001110000010010011110111111001001001110011
111110100000010101000110001101000110111010010100011100010110101010011
011011100011011011100110001110111010010101001010001010100010001010011
111010101001101001111000000111111000100111111010000000100011100010011
111101000000110111111101000000110010101000110010110001001110100010011
111011000101010011110011101111111110111110111111101100010100111010011
011110110111101001010011100111000011110011011010100001110100100010011
000100101001110011111011110100011111100000011001101011110010010110011
001110011000111010101000011110011101110110100011011000100000011010011
100111111011111011010101110101011101101010011010110001111110010010011
010011110100011110111000010111111111100110010110101111010001000110011
011100000001111010101001011010100011110011000100100010100100000010011
110011000101111001110011001011100000011011110001010101110111001110011
001001001110111100000011001000010000110100000000111001011110110010011
011111011110010101100100000000110100000011001100111010000000111010011
111000000110101101001110100000101000001010000111000111011011001010011
111000111000000110010110011000010101101100111000101111100110000110011
001101100110110000110101010000001101000101010100110011111111100110011
101010100011100111100011110011011100000001010010010110001000001010100
110101101111111101011001111111000001000100110110100010101100110010100
111110010001111101101010111110110011101110010001101100001000010110100
000111100101010001001101001101101111011010001000110100010111111010100
101000100001001001111011011000101011000010111011110000101110000110100
111110110111110000111010111001110000010010011110111111001001001110100
111110100000010101000110001101000110111010010100011100010110101010100
110011000101111001110011001011100000011011110001010101110111001110100
110111010011100001101011101111100000100101100010101110110000010110100
011110110111101001010011100111000011110011011010100001110100100010100
111101000000110111111101000000110010101000110010110001001110100010100
011101001010011011010001100011110110010011001101101000101011101110100
111000000010011111011101101101101011101110101111001010010101111110100
000100101001110011111011110100011111100000011001101011110010010110100
011111101100100001010000010000111000110101101110000110010000000010100
011100000001111010101001011010100011110011000100100010100100000010100
001111001010100110100101011011100001000011010001101111101100101110100
000011101010110011000110101011010100100000101101001001101101101010100
001001001110111100000011001000010000110100000000111001011110110010100
011111011110010101100100000000110100000011001100111010000000111010100
111000000110101101001110100000101000001010000111000111011011001010100
111000111000000110010110011000010101101100111000101111100110000110100
101010100011100111100011110011011100000001010010010110001000001010110
110101101111111101011001111111000001000100110110100010101100110010110
111110010001111101101010111110110011101110010001101100001000010110110
000111100101010001001101001101101111011010001000110100010111111010110
101000100001001001111011011000101011000010111011110000101110000110110
111110110111110000111010111001110000010010011110111111001001001110110
111110100000010101000110001101000110111010010100011100010110101010110
111010101001101001111000000111111000100111111010000000100011100010110
111101000000110111111101000000110010101000110010110001001110100010110
001110011000111010101000011110011101110110100011011000100000011010110
001111001010100110100101011011100001000011010001101111101100101110110
111000000010011111011101101101101011101110101111001010010101111110110
011011100011011011100110001110111010010101001010001010100010001010110
111011000101010011110011101111111110111110111111101100010100111010110
110111010011100001101011101111100000100101100010101110110000010110110
110011000101111001110011001011100000011011110001010101110111001110110
011101001010011011010001100011110110010011001101101000101011101110110
001001001110111100000011001000010000110100000000111001011110110010110
110000000111100111111010110111111100001100000001101101001001011010110
010011110100011110111000010111111111100110010110101111010001000110110
111101000011011011011001100000000010011001010100001100011101000010110
011000010001110010001000000000111001000010110011101101001011000010110
011110110001101110010100110000000110010000010001010010010110111110110
000110011011000001100101000011000100101100000100010000001000101010110
001101100110110000110101010000001101000101010100110011111111100110110
110001111100010110001110111011001000001101111000000110000110110110110
000100101001110011111011110100011111100000011001101011110010010110110
011111101100100001010000010000111000110101101110000110010000000010110
110011010001110101111110010000110100010010001111010101001000010010110
111000111000000110010110011000010101101100111000101111100110000110110
101010100011100111100011110011011100000001010010010110001000001010111
110101101111111101011001111111000001000100110110100010101100110010111
111110010001111101101010111110110011101110010001101100001000010110111
000111100101010001001101001101101111011010001000110100010111111010111
101000100001001001111011011000101011000010111011110000101110000110111
111110110111110000111010111001110000010010011110111111001001001110111
111110100000010101000110001101000110111010010100011100010110101010111
111010101001101001111000000111111000100111111010000000100011100010111
111011000101010011110011101111111110111110111111101100010100111010111
110111010011100001101011101111100000100101100010101110110000010110111
001111001010100110100101011011100001000011010001101111101100101110111
010011110100011110111000010111111111100110010110101111010001000110111
011111101100100001010000010000111000110101101110000110010000000010111
011011100011011011100110001110111010010101001010001010100010001010111
110101011001001110000111010110111000101001111011010111001110000110111
011101001010011011010001100011110110010011001101101000101011101110111
001001001110111100000011001000010000110100000000111001011110110010111
111101000011011011011001100000000010011001010100001100011101000010111
011000010001110010001000000000111001000010110011101101001011000010111
011110110001101110010100110000000110010000010001010010010110111110111
111000000110101101001110100000101000001010000111000111011011001010111
101111011101111000000010001010111100000100100011101011100110111010111
111101000000110111111101000000110010101000110010110001001110100010111
001101100110110000110101010000001101000101010100110011111111100110111
101010100011100111100011110011011100000001010010010110001000001011000
110101101111111101011001111111000001000100110110100010101100110011000
111110010001111101101010111110110011101110010001101100001000010111000
000111100101010001001101001101101111011010001000110100010111111011000
101000100001001001111011011000101011000010111011110000101110000111000
111110110111110000111010111001110000010010011110111111001001001111000
111110100000010101000110001101000110111010010100011100010110101011000
111010101001101001111000000111111000100111111010000000100011100011000
011011100011011011100110001110111010010101001010001010100010001011000
111101000000110111111101000000110010101000110010110001001110100011000
011110110111101001010011100111000011110011011010100001110100100011000
010011110100011110111000010111111111100110010110101111010001000111000
001110011000111010101000011110011101110110100011011000100000011011000
011111101100100001010000010000111000110101101110000110010000000011000
100111111011111011010101110101011101101010011010110001111110010011000
110101011001001110000111010110111000101001111011010111001110000111000
011100000001111010101001011010100011110011000100100010100100000011000
001001001110111100000011001000010000110100000000111001011110110011000
111101000011011011011001100000000010011001010100001100011101000011000
011110110001101110010100110000000110010000010001010010010110111111000
011000010001110010001000000000111001000010110011101101001011000011000
111000000110101101001110100000101000001010000111000111011011001011000
011111011110010101100100000000110100000011001100111010000000111011000
001101100110110000110101010000001101000101010100110011111111100111000
000011000011100111101011000000101100101111110011001000010100101011000
101010100011100111100011110011011100000001010010010110001000001011001
110101101111111101011001111111000001000100110110100010101100110011001
111110010001111101101010111110110011101110010001101100001000010111001
000111100101010001001101001101101111011010001000110100010111111011001
101000100001001001111011011000101011000010111011110000101110000111001
111110110111110000111010111001110000010010011110111111001001001111001
111110100000010101000110001101000110111010010100011100010110101011001
111010101001101001111000000111111000100111111010000000100011100011001
011011100011011011100110001110111010010101001010001010100010001011001
111101000000110111111101000000110010101000110010110001001110100011001
011110110111101001010011100111000011110011011010100001110100100011001
010011110100011110111000010111111111100110010110101111010001000111001
001110011000111010101000011110011101110110100011011000100000011011001
011111101100100001010000010000111000110101101110000110010000000011001
100111111011111011010101110101011101101010011010110001111110010011001
110101011001001110000111010110111000101001111011010111001110000111001
011100000001111010101001011010100011110011000100100010100100000011001
001001001110111100000011001000010000110100000000111001011110110011001
111101000011011011011001100000000010011001010100001100011101000011001
011110110001101110010100110000000110010000010001010010010110111111001
011000010001110010001000000000111001000010110011101101001011000011001
111000000110101101001110100000101000001010000111000111011011001011001
011111011110010101100100000000110100000011001100111010000000111011001
001101100110110000110101010000001101000101010100110011111111100111001
000011000011100111101011000000101100101111110011001000010100101011001
101010100011100111100011110011011100000001010010010110001000001010000
110101101111111101011001111111000001000100110110100010101100110010000
111110010001111101101010111110110011101110010001101100001000010110000
000111100101010001001101001101101111011010001000110100010111111010000
101000100001001001111011011000101011000010111011110000101110000110000
111110110111110000111010111001110000010010011110111111001001001110000
111110100000010101000110001101000110111010010100011100010110101010000
111010101001101001111000000111111000100111111010000000100011100010000
111011000101010011110011101111111110111110111111101100010100111010000
110111010011100001101011101111100000100101100010101110110000010110000
001111001010100110100101011011100001000011010001101111101100101110000
010011110100011110111000010111111111100110010110101111010001000110000
011111101100100001010000010000111000110101101110000110010000000010000
011011100011011011100110001110111010010101001010001010100010001010000
110101011001001110000111010110111000101001111011010111001110000110000
011101001010011011010001100011110110010011001101101000101011101110000
001001001110111100000011001000010000110100000000111001011110110010000
111101000011011011011001100000000010011001010100001100011101000010000
011000010001110010001000000000111001000010110011101101001011000010000
011110110001101110010100110000000110010000010001010010010110111110000
111000000110101101001110100000101000001010000111000111011011001010000
101111011101111000000010001010111100000100100011101011100110111010000
111101000000110111111101000000110010101000110010110001001110100010000
001101100110110000110101010000001101000101010100110011111111100110000
101010100011100111100011110011011100000001010010010110001000001010001
110101101111111101011001111111000001000100110110100010101100110010001
111110010001111101101010111110110011101110010001101100001000010110001
000111100101010001001101001101101111011010001000110100010111111010001
101000100001001001111011011000101011000010111011110000101110000110001
111110110111110000111010111001110000010010011110111111001001001110001
111110100000010101000110001101000110111010010100011100010110101010001
111010101001101001111000000111111000100111111010000000100011100010001
111011000101010011110011101111111110111110111111101100010100111010001
110111010011100001101011101111100000100101100010101110110000010110001
001111001010100110100101011011100001000011010001101111101100101110001
010011110100011110111000010111111111100110010110101111010001000110001
011111101100100001010000010000111000110101101110000110010000000010001
011011100011011011100110001110111010010101001010001010100010001010001
110101011001001110000111010110111000101001111011010111001110000110001
011101001010011011010001100011110110010011001101101000101011101110001
001001001110111100000011001000010000110100000000111001011110110010001
111101000011011011011001100000000010011001010100001100011101000010001
011000010001110010001000000000111001000010110011101101001011000010001
011110110001101110010100110000000110010000010001010010010110111110001
111000000110101101001110100000101000001010000111000111011011001010001
101111011101111000000010001010111100000100100011101011100110111010001
111101000000110111111101000000110010101000110010110001001110100010001
001101100110110000110101010000001101000101010100110011111111100110001
