1010101000111001111000111100110111000000010100100101100010000010
1101011011111111010110011111110000010001001101101000101011001100
1111100100011111011010101111101100111011100100011011000010000101
0001111001010100010011010011011011110110100010001101000101111110
1010001000010010011110110110001010110000101110111100001011100001
1111101101111100001110101110011100000100100111101111110010010011
1111101000000101010001100011010001101110100101000111000101101010
1110101010011010011110000001111110001001111110100000001000111000
0110111000110110111001100011101110100101010010100010101000100010
1111010000001101111111010000001100101010001100101100010011101000
0011100110001110101010000111100111011101101000110110001000000110
1110110001010100111100111011111111101111101111111011000101001110
1101110100111000011010111011111000001001011000101011101100000101
1001111110111110110101011101010111011010100110101100011111100100
0111101101111010010100111001110000111100110110101000011101001000
0100111101000111101110000101111111111001100101101011110100010001
1100110001011110011100110010111000000110111100010101011101110011
1101010110010011100001110101101110001010011110110101110011100001
0111010010100110110100011000111101100100110011011010001010111011
0111000000011110101010010110101000111100110001001000101001000000
0011110010101001101001010110111000010000110100011011111011001011
1110000000100111110111011011011010111011101011110010100101011111
0010010011101111000000110010000100001101000000001110010111101100
0001001010011100111110111101000111111000000110011010111100100101
1111010000110110110110011000000000100110010101000011000111010000
1011110100101011011010111001110100101100111110111001011111011000
0111101100011011100101001100000001100100000100010100100101101111
1110011110101101111001101101000010101101000011010101010110010010
0111111011001000010100000100001110001101011011100001100100000000
0000111010101100110001101010110101001000001011010010011011011010
0001100110110000011001010000110001001011000001000100000010001010
1100000001111001111110101101111111000011000000011011010010010110
0110000100011100100010000000001110010000101100111011010010110000
0101011101011111011110000001110001001000110010011000010101010101
0110000111010001100010110100111101001011011101110010100101111110
0011110010110010010001010101011001100111100111011111011100101100
0101001110001111000110100010010111100100000001000011010001110001
0011011010110110101011001110101000100001100010110010100101100001
0111110111100101011001000000001101000000110011001110100000001110
0100001010001011000101001101000001111011011011011011001000000010
1011101101000111011101001011101111101101000101001101101101010010
1011010110010010100101110111001011010011001100110011011110110101
1100010000001111110101110001010111100101100000011100010101011011
0010101101101111100110100010101000111010010010110011001110001000
1100101010011111000011000100110101000100110110010111110010010000
1100110100011101011111100100001101000100100011110101010010000100
1010110100010000010000110111001011001010111111011110010001001100
1110000001101011010011101000001010000010100001110001110110110010
1100100110011001000101101001000001000111000100010100110011010000
1011001101111101111100101001010101011000011100110010101111010100
1011110111011110000000100010101111000001001000111010111001101110
0010101000101101001110100000101110111111001010110000011101011011
1001101001000010110000101110101100000010011000010000100011011100
1011100110000100111110010011001111000110010001110010010101001000
0111001100010011000011101001011001101001000101011010011010001010
0010010110011001010110111000111100110101011001100011011000111011
1000011111101010110111000010101001100100111101010011100011001000
1101111110101010010101100000111000000010111110110111010010100000
0010000010000101000010011111010110110110101110111010101111000101
0111001011100100110110000011011111110011101011110110000100111111
1110001001110110000010011101010110000010011001011000011010100001
1100000000100011001011110110111101010000101001101010000111011101
0011011001101100001101010100000011010001010101001100111111111001
